#Max	Peak	Sigma	Offset	ChiSqu/dof

##Run 26, [-90.0, 90.0] deg., [-100.0, 100.0]cm
639.919117	6.452546	-13.282680	0.376223	43.193338	0.432068	83.174066	1.587002	2.379223
#Covariance Matrix
41.635440	0.101186	-1.470428	-0.046157
0.101186	0.141544	-0.010944	0.018252
-1.470428	-0.010944	0.186683	-0.389385
-0.046157	0.018252	-0.389385	2.518577
#Peak Valley Ratio
8.671131	0.153689

##Run 99, [-90.0, 90.0] deg., [-100.0, 100.0]cm
4659.233379	16.894835	-12.638970	0.137619	43.804015	0.153289	517.672159	4.041416	6.185821
#Covariance Matrix
285.436553	0.080730	-1.343008	-0.360621
0.080730	0.018939	-0.001176	0.013453
-1.343008	-0.001176	0.023498	-0.352436
-0.360621	0.013453	-0.352436	16.333040
#Peak Valley Ratio
9.961723	0.067821

##Run 00, [-12.8, 12.8] deg., [-15.0, 15.0]cm
180.892212	3.351834	-13.357992	0.654282	42.008716	0.704582	13.673797	0.633644	1.470215
#Covariance Matrix
11.234815	0.150471	-1.335344	0.070596
0.150471	0.428086	-0.047019	0.015146
-1.335344	-0.047019	0.496436	-0.234660
0.070596	0.015146	-0.234660	0.401505
#Peak Valley Ratio
14.190406	0.543357

##Run 01, [-12.8, 12.8] deg., [-24.7, -18.7]cm
28.803350	1.294089	-17.199504	1.621751	43.104942	1.735821	1.778129	0.249437	0.818833
#Covariance Matrix
1.674670	0.012031	-1.238896	0.012789
0.012031	2.630148	-0.020072	0.000299
-1.238896	-0.020072	3.013080	-0.238788
0.012789	0.000299	-0.238788	0.062219
#Peak Valley Ratio
17.108084	1.707491

##Run 02, [-12.8, 12.8] deg., [18.7, 24.0]cm
30.899599	1.414887	-10.675428	1.685916	37.686236	1.468458	1.823968	0.219294	1.080097
#Covariance Matrix
2.001908	0.724908	-1.163792	0.011267
0.724908	2.842397	-1.160134	0.059393
-1.163792	-1.160134	2.156374	-0.158711
0.011267	0.059393	-0.158711	0.048090
#Peak Valley Ratio
17.934111	1.892998

##Run 00, [-12.8, 12.8] deg., [-2.6, 2.6]cm
30.944056	1.366334	-11.376355	1.598634	45.065454	1.912317	2.013143	0.280159	1.248111
#Covariance Matrix
1.866874	-0.027680	-1.534327	0.031908
-0.027680	2.555698	0.053871	-0.003076
-1.534327	0.053871	3.656965	-0.314448
0.031908	-0.003076	-0.314448	0.078489
#Peak Valley Ratio
16.200029	1.552686

##Run 02, [-12.8, 12.8] deg., [18.7, 27.7]cm
50.174975	1.710194	-9.642312	1.224271	39.381095	1.092118	3.022995	0.287801	0.919567
#Covariance Matrix
2.924769	0.313385	-0.956606	-0.003130
0.313385	1.498862	-0.317916	0.025104
-0.956606	-0.317916	1.192724	-0.154478
-0.003130	0.025104	-0.154478	0.082829
#Peak Valley Ratio
17.580807	1.362934

##Run 02, [-12.8, 12.8] deg., [18.7, 24.7]cm
34.796723	1.424050	-12.617433	1.543942	38.419206	1.265619	1.943103	0.232351	1.123469
#Covariance Matrix
2.027923	0.524967	-0.902483	-0.001571
0.524967	2.383815	-0.771076	0.046373
-0.902483	-0.771076	1.601794	-0.146787
-0.001571	0.046373	-0.146787	0.053987
#Peak Valley Ratio
18.896229	1.867963

##Run 00, [-12.8, 12.8] deg., [-2.6, 2.6]cm
26.085029	1.259509	-10.454685	1.791436	45.217453	2.136862	2.031084	0.279727	1.196442
#Covariance Matrix
1.586367	-0.193862	-1.539066	0.021975
-0.193862	3.209348	0.501556	-0.030900
-1.539066	0.501556	4.566194	-0.353775
0.021975	-0.030900	-0.353775	0.078247
#Peak Valley Ratio
13.715301	1.402918

##Run 01, [-12.8, 12.8] deg., [-24.7, 18.7]cm
214.947995	3.627515	-12.635855	0.615433	43.088280	0.676079	18.358214	0.752322	1.314680
#Covariance Matrix
13.158892	0.131788	-1.352978	0.067047
0.131788	0.378760	-0.036887	0.015593
-1.352978	-0.036887	0.457082	-0.278078
0.067047	0.015593	-0.278078	0.565988
#Peak Valley Ratio
12.660408	0.429911

##Run 02, [-12.8, 12.8] deg., [18.7, 24.7]cm
30.474220	1.355732	-11.907638	1.717370	39.000706	1.460760	1.791285	0.225332	1.171089
#Covariance Matrix
1.838013	0.657799	-1.048424	0.005573
0.657799	2.949449	-1.140004	0.063260
-1.048424	-1.140004	2.133824	-0.168204
0.005573	0.063260	-0.168204	0.050774
#Peak Valley Ratio
17.997988	1.872013

##Run 01, [-12.8, 12.8] deg., [-24.7, -18.7]cm
24.764939	1.208771	-16.655726	1.794637	43.075659	1.964309	1.898927	0.269166	0.858988
#Covariance Matrix
1.461131	-0.100342	-1.249735	0.006765
-0.100342	3.220828	0.278354	-0.019094
-1.249735	0.278354	3.858520	-0.306930
0.006765	-0.019094	-0.306930	0.072451
#Peak Valley Ratio
13.982630	1.499255

##Run 1218, [-90.0, 90.0] deg., [-100.0, 100.0]cm
150.900990	3.395883	-20.101063	0.705291	36.020339	0.655797	3.327999	0.290996	3.446947
#Covariance Matrix
11.532051	0.899296	-1.517349	0.102421
0.899296	0.497439	-0.239875	0.027256
-1.517349	-0.239875	0.430070	-0.073458
0.102421	0.027256	-0.073458	0.084679
#Peak Valley Ratio
46.326984	3.238476

##Run 2000, [-90.0, 90.0] deg., [-100.0, 100.0]cm
83.598367	2.393568	-23.843973	0.964681	35.921518	0.794947	1.824569	0.228320	2.130099
#Covariance Matrix
5.729181	0.840465	-1.194992	0.036759
0.840465	0.930618	-0.407760	0.028442
-1.194992	-0.407760	0.631941	-0.071650
0.036759	0.028442	-0.071650	0.052130
#Peak Valley Ratio
46.803005	4.565723

##Run 99, [-90.0, 90.0] deg., [-100.0, 100.0]cm
4659.233379	16.894835	-12.638970	0.137619	43.804015	0.153289	517.672159	4.041416	6.185821
#Covariance Matrix
285.436553	0.080730	-1.343008	-0.360621
0.080730	0.018939	-0.001176	0.013453
-1.343008	-0.001176	0.023498	-0.352436
-0.360621	0.013453	-0.352436	16.333040
#Peak Valley Ratio
9.961723	0.067821

##Run 99, [-90.0, 90.0] deg., [-100.0, 100.0]cm
4659.233379	16.894835	-12.638970	0.137619	43.804015	0.153289	517.672159	4.041416	6.185821
#Covariance Matrix
285.436553	0.080730	-1.343008	-0.360621
0.080730	0.018939	-0.001176	0.013453
-1.343008	-0.001176	0.023498	-0.352436
-0.360621	0.013453	-0.352436	16.333040
#Peak Valley Ratio
9.961723	0.067821

##Run 99, [-90.0, 90.0] deg., [-100.0, 100.0]cm
4659.233379	16.894835	-12.638970	0.137619	43.804015	0.153289	517.672159	4.041416	6.185821
#Covariance Matrix
285.436553	0.080730	-1.343008	-0.360621
0.080730	0.018939	-0.001176	0.013453
-1.343008	-0.001176	0.023498	-0.352436
-0.360621	0.013453	-0.352436	16.333040
#Peak Valley Ratio
9.961723	0.067821

##Run 99, [-90.0, 90.0] deg., [-100.0, 100.0]cm
4659.233379	16.894835	-12.638970	0.137619	43.804015	0.153289	517.672159	4.041416	6.185821
#Covariance Matrix
285.436553	0.080730	-1.343008	-0.360621
0.080730	0.018939	-0.001176	0.013453
-1.343008	-0.001176	0.023498	-0.352436
-0.360621	0.013453	-0.352436	16.333040
#Peak Valley Ratio
9.961723	0.067821

##Run 99, [-90.0, 90.0] deg., [-100.0, 100.0]cm
4659.233379	16.894835	-12.638970	0.137619	43.804015	0.153289	517.672159	4.041416	6.185821
#Covariance Matrix
285.436553	0.080730	-1.343008	-0.360621
0.080730	0.018939	-0.001176	0.013453
-1.343008	-0.001176	0.023498	-0.352436
-0.360621	0.013453	-0.352436	16.333040
#Peak Valley Ratio
9.961723	0.067821

##Run 99, [-90.0, 90.0] deg., [-100.0, 100.0]cm
4659.233379	16.894835	-12.638970	0.137619	43.804015	0.153289	517.672159	4.041416	6.185821
#Covariance Matrix
285.436553	0.080730	-1.343008	-0.360621
0.080730	0.018939	-0.001176	0.013453
-1.343008	-0.001176	0.023498	-0.352436
-0.360621	0.013453	-0.352436	16.333040
#Peak Valley Ratio
9.961723	0.067821

##Run 99, [-90.0, 90.0] deg., [-100.0, 100.0]cm
4659.233379	16.894835	-12.638970	0.137619	43.804015	0.153289	517.672159	4.041416	6.185821
#Covariance Matrix
285.436553	0.080730	-1.343008	-0.360621
0.080730	0.018939	-0.001176	0.013453
-1.343008	-0.001176	0.023498	-0.352436
-0.360621	0.013453	-0.352436	16.333040
#Peak Valley Ratio
9.961723	0.067821

##Run 99, [-90.0, 90.0] deg., [-100.0, 100.0]cm
4659.233379	16.894835	-12.638970	0.137619	43.804015	0.153289	517.672159	4.041416	6.185821
#Covariance Matrix
285.436553	0.080730	-1.343008	-0.360621
0.080730	0.018939	-0.001176	0.013453
-1.343008	-0.001176	0.023498	-0.352436
-0.360621	0.013453	-0.352436	16.333040
#Peak Valley Ratio
9.961723	0.067821

##Run 99, [-90.0, 90.0] deg., [-100.0, 100.0]cm
4659.233379	16.894835	-12.638970	0.137619	43.804015	0.153289	517.672159	4.041416	6.185821
#Covariance Matrix
285.436553	0.080730	-1.343008	-0.360621
0.080730	0.018939	-0.001176	0.013453
-1.343008	-0.001176	0.023498	-0.352436
-0.360621	0.013453	-0.352436	16.333040
#Peak Valley Ratio
9.961723	0.067821

##Run 99, [-90.0, 90.0] deg., [-100.0, 100.0]cm
4659.233379	16.894835	-12.638970	0.137619	43.804015	0.153289	517.672159	4.041416	6.185821
#Covariance Matrix
285.436553	0.080730	-1.343008	-0.360621
0.080730	0.018939	-0.001176	0.013453
-1.343008	-0.001176	0.023498	-0.352436
-0.360621	0.013453	-0.352436	16.333040
#Peak Valley Ratio
9.961723	0.067821

##Run 99, [-90.0, 90.0] deg., [-100.0, 100.0]cm
4659.233379	16.894835	-12.638970	0.137619	43.804015	0.153289	517.672159	4.041416	6.185821
#Covariance Matrix
285.436553	0.080730	-1.343008	-0.360621
0.080730	0.018939	-0.001176	0.013453
-1.343008	-0.001176	0.023498	-0.352436
-0.360621	0.013453	-0.352436	16.333040
#Peak Valley Ratio
9.961723	0.067821

##Run 99, [-90.0, 90.0] deg., [-100.0, 100.0]cm
4659.233379	16.894835	-12.638970	0.137619	43.804015	0.153289	517.672159	4.041416	6.185821
#Covariance Matrix
285.436553	0.080730	-1.343008	-0.360621
0.080730	0.018939	-0.001176	0.013453
-1.343008	-0.001176	0.023498	-0.352436
-0.360621	0.013453	-0.352436	16.333040
#Peak Valley Ratio
9.961723	0.067821

##Run 99, [-90.0, 90.0] deg., [-100.0, 100.0]cm
4659.233379	16.894835	-12.638970	0.137619	43.804015	0.153289	517.672159	4.041416	6.185821
#Covariance Matrix
285.436553	0.080730	-1.343008	-0.360621
0.080730	0.018939	-0.001176	0.013453
-1.343008	-0.001176	0.023498	-0.352436
-0.360621	0.013453	-0.352436	16.333040
#Peak Valley Ratio
9.961723	0.067821

##Run 99, [-90.0, 90.0] deg., [-100.0, 100.0]cm
4659.233379	16.894835	-12.638970	0.137619	43.804015	0.153289	517.672159	4.041416	6.185821
#Covariance Matrix
285.436553	0.080730	-1.343008	-0.360621
0.080730	0.018939	-0.001176	0.013453
-1.343008	-0.001176	0.023498	-0.352436
-0.360621	0.013453	-0.352436	16.333040
#Peak Valley Ratio
9.961723	0.067821

##Run 00, [-12.8, 12.8] deg., [-2.6, 2.6]cm
26.085029	1.259509	-10.454685	1.791436	45.217453	2.136862	2.031084	0.279727	1.196442
#Covariance Matrix
1.586367	-0.193862	-1.539066	0.021975
-0.193862	3.209348	0.501556	-0.030900
-1.539066	0.501556	4.566194	-0.353775
0.021975	-0.030900	-0.353775	0.078247
#Peak Valley Ratio
13.715301	1.402918

##Run 01, [-12.8, 12.8] deg., [-24.7, -18.7]cm
24.764939	1.208771	-16.655726	1.794637	43.075659	1.964309	1.898927	0.269166	0.858988
#Covariance Matrix
1.461131	-0.100342	-1.249735	0.006765
-0.100342	3.220828	0.278354	-0.019094
-1.249735	0.278354	3.858520	-0.306930
0.006765	-0.019094	-0.306930	0.072451
#Peak Valley Ratio
13.982630	1.499255

##Run 02, [-12.8, 12.8] deg., [18.7, 24.7]cm
30.474220	1.355732	-11.907638	1.717370	39.000706	1.460760	1.791285	0.225332	1.171089
#Covariance Matrix
1.838013	0.657799	-1.048424	0.005573
0.657799	2.949449	-1.140004	0.063260
-1.048424	-1.140004	2.133824	-0.168204
0.005573	0.063260	-0.168204	0.050774
#Peak Valley Ratio
17.997988	1.872013

##Run 10, [-90.0, 90.0] deg., [-100.0, 100.0]cm
3988.935365	15.625380	-13.168110	0.149251	43.997391	0.167060	438.524765	3.743216	6.785274
#Covariance Matrix
244.153322	0.136871	-1.361527	-0.057660
0.136871	0.022276	-0.002351	0.023277
-1.361527	-0.002351	0.027909	-0.357784
-0.057660	0.023277	-0.357784	14.011665
#Peak Valley Ratio
10.053825	0.074499

##Run 00, [-12.8, 12.8] deg., [-2.6, 2.6]cm
26.085029	1.259509	-10.454685	1.791436	45.217453	2.136862	2.031084	0.279727	1.196442
#Covariance Matrix
1.586367	-0.193862	-1.539066	0.021975
-0.193862	3.209348	0.501556	-0.030900
-1.539066	0.501556	4.566194	-0.353775
0.021975	-0.030900	-0.353775	0.078247
#Peak Valley Ratio
13.715301	1.402918

##Run 00, [-12.8, 12.8] deg., [-2.6, 2.6]cm
26.085029	1.259509	-10.454685	1.791436	45.217453	2.136862	2.031084	0.279727	1.196442
#Covariance Matrix
1.586367	-0.193862	-1.539066	0.021975
-0.193862	3.209348	0.501556	-0.030900
-1.539066	0.501556	4.566194	-0.353775
0.021975	-0.030900	-0.353775	0.078247
#Peak Valley Ratio
13.715301	1.402918

##Run 01, [-12.8, 12.8] deg., [-24.7, -18.7]cm
24.764939	1.208771	-16.655726	1.794637	43.075659	1.964309	1.898927	0.269166	0.858988
#Covariance Matrix
1.461131	-0.100342	-1.249735	0.006765
-0.100342	3.220828	0.278354	-0.019094
-1.249735	0.278354	3.858520	-0.306930
0.006765	-0.019094	-0.306930	0.072451
#Peak Valley Ratio
13.982630	1.499255

##Run 02, [-12.8, 12.8] deg., [18.7, 24.7]cm
30.474220	1.355732	-11.907638	1.717370	39.000706	1.460760	1.791285	0.225332	1.171089
#Covariance Matrix
1.838013	0.657799	-1.048424	0.005573
0.657799	2.949449	-1.140004	0.063260
-1.048424	-1.140004	2.133824	-0.168204
0.005573	0.063260	-0.168204	0.050774
#Peak Valley Ratio
17.997988	1.872013

##Run 10, [-90.0, 90.0] deg., [-100.0, 100.0]cm
3988.935365	15.625380	-13.168110	0.149251	43.997391	0.167060	438.524765	3.743216	6.785274
#Covariance Matrix
244.153322	0.136871	-1.361527	-0.057660
0.136871	0.022276	-0.002351	0.023277
-1.361527	-0.002351	0.027909	-0.357784
-0.057660	0.023277	-0.357784	14.011665
#Peak Valley Ratio
10.053825	0.074499

##Run 99, [-90.0, 90.0] deg., [-100.0, 100.0]cm
4659.233379	16.894835	-12.638970	0.137619	43.804015	0.153289	517.672159	4.041416	6.185821
#Covariance Matrix
285.436553	0.080730	-1.343008	-0.360621
0.080730	0.018939	-0.001176	0.013453
-1.343008	-0.001176	0.023498	-0.352436
-0.360621	0.013453	-0.352436	16.333040
#Peak Valley Ratio
9.961723	0.067821

##Run 2000, [-90.0, 90.0] deg., [-100.0, 100.0]cm
83.598367	2.393568	-23.843973	0.964681	35.921518	0.794947	1.824569	0.228320	2.130099
#Covariance Matrix
5.729181	0.840465	-1.194992	0.036759
0.840465	0.930618	-0.407760	0.028442
-1.194992	-0.407760	0.631941	-0.071650
0.036759	0.028442	-0.071650	0.052130
#Peak Valley Ratio
46.803005	4.565723

##Run 2000, [-90.0, 90.0] deg., [-100.0, 100.0]cm
83.598367	2.393568	-23.843973	0.964681	35.921518	0.794947	1.824569	0.228320	2.130099
#Covariance Matrix
5.729181	0.840465	-1.194992	0.036759
0.840465	0.930618	-0.407760	0.028442
-1.194992	-0.407760	0.631941	-0.071650
0.036759	0.028442	-0.071650	0.052130
#Peak Valley Ratio
46.803005	4.565723

##Run 2000, [-90.0, 90.0] deg., [-100.0, 100.0]cm
83.598367	2.393568	-23.843973	0.964681	35.921518	0.794947	1.824569	0.228320	2.130099
#Covariance Matrix
5.729181	0.840465	-1.194992	0.036759
0.840465	0.930618	-0.407760	0.028442
-1.194992	-0.407760	0.631941	-0.071650
0.036759	0.028442	-0.071650	0.052130
#Peak Valley Ratio
46.803005	4.565723

##Run 99, [-90.0, 90.0] deg., [-100.0, 100.0]cm
4659.233379	16.894835	-12.638970	0.137619	43.804015	0.153289	517.672159	4.041416	6.185821
#Covariance Matrix
285.436553	0.080730	-1.343008	-0.360621
0.080730	0.018939	-0.001176	0.013453
-1.343008	-0.001176	0.023498	-0.352436
-0.360621	0.013453	-0.352436	16.333040
#Peak Valley Ratio
9.961723	0.067821

##Run 2000, [-90.0, 90.0] deg., [-100.0, 100.0]cm
83.598367	2.393568	-23.843973	0.964681	35.921518	0.794947	1.824569	0.228320	2.130099
#Covariance Matrix
5.729181	0.840465	-1.194992	0.036759
0.840465	0.930618	-0.407760	0.028442
-1.194992	-0.407760	0.631941	-0.071650
0.036759	0.028442	-0.071650	0.052130
#Peak Valley Ratio
46.803005	4.565723

##Run 2000, [-90.0, 90.0] deg., [-100.0, 100.0]cm
83.598367	2.393568	-23.843973	0.964681	35.921518	0.794947	1.824569	0.228320	2.130099
#Covariance Matrix
5.729181	0.840465	-1.194992	0.036759
0.840465	0.930618	-0.407760	0.028442
-1.194992	-0.407760	0.631941	-0.071650
0.036759	0.028442	-0.071650	0.052130
#Peak Valley Ratio
46.803005	4.565723

##Run 2000, [-90.0, 90.0] deg., [-100.0, 100.0]cm
83.598367	2.393568	-23.843973	0.964681	35.921518	0.794947	1.824569	0.228320	2.130099
#Covariance Matrix
5.729181	0.840465	-1.194992	0.036759
0.840465	0.930618	-0.407760	0.028442
-1.194992	-0.407760	0.631941	-0.071650
0.036759	0.028442	-0.071650	0.052130
#Peak Valley Ratio
46.803005	4.565723

##Run 2000, [-90.0, 90.0] deg., [-100.0, 100.0]cm
83.598367	2.393568	-23.843973	0.964681	35.921518	0.794947	1.824569	0.228320	2.130099
#Covariance Matrix
5.729181	0.840465	-1.194992	0.036759
0.840465	0.930618	-0.407760	0.028442
-1.194992	-0.407760	0.631941	-0.071650
0.036759	0.028442	-0.071650	0.052130
#Peak Valley Ratio
46.803005	4.565723

##Run 99, [-90.0, 90.0] deg., [-100.0, 100.0]cm
4659.233379	16.894835	-12.638970	0.137619	43.804015	0.153289	517.672159	4.041416	6.185821
#Covariance Matrix
285.436553	0.080730	-1.343008	-0.360621
0.080730	0.018939	-0.001176	0.013453
-1.343008	-0.001176	0.023498	-0.352436
-0.360621	0.013453	-0.352436	16.333040
#Peak Valley Ratio
9.961723	0.067821

##Run 2000, [-90.0, 90.0] deg., [-100.0, 100.0]cm
83.598367	2.393568	-23.843973	0.964681	35.921518	0.794947	1.824569	0.228320	2.130099
#Covariance Matrix
5.729181	0.840465	-1.194992	0.036759
0.840465	0.930618	-0.407760	0.028442
-1.194992	-0.407760	0.631941	-0.071650
0.036759	0.028442	-0.071650	0.052130
#Peak Valley Ratio
46.803005	4.565723

##Run 2000, [-90.0, 90.0] deg., [-100.0, 100.0]cm
196.716805	3.404497	-33.355327	0.597537	37.413776	0.458484	2.153522	0.268772	3.498955
#Covariance Matrix
11.590625	0.605966	-0.921411	0.065910
0.605966	0.357052	-0.126803	0.016206
-0.921411	-0.126803	0.210207	-0.049252
0.065910	0.016206	-0.049252	0.072238
#Peak Valley Ratio
92.187958	5.581122

##Run 2001, [-90.0, 90.0] deg., [-100.0, 100.0]cm
4380.553263	16.337911	-11.718056	0.143256	44.112721	0.159807	508.377646	4.030803	4.902619
#Covariance Matrix
266.928291	0.065157	-1.330769	-0.848902
0.065157	0.020522	-0.001028	0.011273
-1.330769	-0.001028	0.025538	-0.369935
-0.848902	0.011273	-0.369935	16.247376
#Peak Valley Ratio
9.576731	0.066394

##Run 00, [-12.8, 12.8] deg., [-2.6, 2.6]cm
26.085029	1.259509	-10.454685	1.791436	45.217453	2.136862	2.031084	0.279727	1.196442
#Covariance Matrix
1.586367	-0.193862	-1.539066	0.021975
-0.193862	3.209348	0.501556	-0.030900
-1.539066	0.501556	4.566194	-0.353775
0.021975	-0.030900	-0.353775	0.078247
#Peak Valley Ratio
13.715301	1.402918

##Run 00, [-12.8, 12.8] deg., [-2.6, 2.6]cm
26.085029	1.259509	-10.454685	1.791436	45.217453	2.136862	2.031084	0.279727	1.196442
#Covariance Matrix
1.586367	-0.193862	-1.539066	0.021975
-0.193862	3.209348	0.501556	-0.030900
-1.539066	0.501556	4.566194	-0.353775
0.021975	-0.030900	-0.353775	0.078247
#Peak Valley Ratio
13.715301	1.402918

##Run 00, [-12.8, 12.8] deg., [-2.6, 2.6]cm
26.085029	1.259509	-10.454685	1.791436	45.217453	2.136862	2.031084	0.279727	1.196442
#Covariance Matrix
1.586367	-0.193862	-1.539066	0.021975
-0.193862	3.209348	0.501556	-0.030900
-1.539066	0.501556	4.566194	-0.353775
0.021975	-0.030900	-0.353775	0.078247
#Peak Valley Ratio
13.715301	1.402918

##Run 00, [-12.8, 12.8] deg., [-2.6, 2.6]cm
26.085029	1.259509	-10.454685	1.791436	45.217453	2.136862	2.031084	0.279727	1.196442
#Covariance Matrix
1.586367	-0.193862	-1.539066	0.021975
-0.193862	3.209348	0.501556	-0.030900
-1.539066	0.501556	4.566194	-0.353775
0.021975	-0.030900	-0.353775	0.078247
#Peak Valley Ratio
13.715301	1.402918

##Run 00, [-12.8, 12.8] deg., [-2.6, 2.6]cm
26.085029	1.259509	-10.454685	1.791436	45.217453	2.136862	2.031084	0.279727	1.196442
#Covariance Matrix
1.586367	-0.193862	-1.539066	0.021975
-0.193862	3.209348	0.501556	-0.030900
-1.539066	0.501556	4.566194	-0.353775
0.021975	-0.030900	-0.353775	0.078247
#Peak Valley Ratio
13.715301	1.402918

##Run 00, [-12.8, 12.8] deg., [-2.6, 2.6]cm
26.085029	1.259509	-10.454685	1.791436	45.217453	2.136862	2.031084	0.279727	1.196442
#Covariance Matrix
1.586367	-0.193862	-1.539066	0.021975
-0.193862	3.209348	0.501556	-0.030900
-1.539066	0.501556	4.566194	-0.353775
0.021975	-0.030900	-0.353775	0.078247
#Peak Valley Ratio
13.715301	1.402918

##Run 00, [-12.8, 12.8] deg., [-2.6, 2.6]cm
26.085029	1.259509	-10.454685	1.791436	45.217453	2.136862	2.031084	0.279727	1.196442
#Covariance Matrix
1.586367	-0.193862	-1.539066	0.021975
-0.193862	3.209348	0.501556	-0.030900
-1.539066	0.501556	4.566194	-0.353775
0.021975	-0.030900	-0.353775	0.078247
#Peak Valley Ratio
13.715301	1.402918

##Run 99, [-90.0, 90.0] deg., [-100.0, 100.0]cm
4659.233379	16.894835	-12.638970	0.137619	43.804015	0.153289	517.672159	4.041416	6.185821
#Covariance Matrix
285.436553	0.080730	-1.343008	-0.360621
0.080730	0.018939	-0.001176	0.013453
-1.343008	-0.001176	0.023498	-0.352436
-0.360621	0.013453	-0.352436	16.333040
#Peak Valley Ratio
9.961723	0.067821

##Run 99, [-90.0, 90.0] deg., [-100.0, 100.0]cm
4659.233379	16.894835	-12.638970	0.137619	43.804015	0.153289	517.672159	4.041416	6.185821
#Covariance Matrix
285.436553	0.080730	-1.343008	-0.360621
0.080730	0.018939	-0.001176	0.013453
-1.343008	-0.001176	0.023498	-0.352436
-0.360621	0.013453	-0.352436	16.333040
#Peak Valley Ratio
9.961723	0.067821

##Run 99, [-90.0, 90.0] deg., [-100.0, 100.0]cm
4659.233379	16.894835	-12.638970	0.137619	43.804015	0.153289	517.672159	4.041416	6.185821
#Covariance Matrix
285.436553	0.080730	-1.343008	-0.360621
0.080730	0.018939	-0.001176	0.013453
-1.343008	-0.001176	0.023498	-0.352436
-0.360621	0.013453	-0.352436	16.333040
#Peak Valley Ratio
9.961723	0.067821

##Run 99, [-90.0, 90.0] deg., [-100.0, 100.0]cm
4659.233379	16.894835	-12.638970	0.137619	43.804015	0.153289	517.672159	4.041416	6.185821
#Covariance Matrix
285.436553	0.080730	-1.343008	-0.360621
0.080730	0.018939	-0.001176	0.013453
-1.343008	-0.001176	0.023498	-0.352436
-0.360621	0.013453	-0.352436	16.333040
#Peak Valley Ratio
9.961723	0.067821

##Run 99, [-90.0, 90.0] deg., [-100.0, 100.0]cm
4659.233379	16.894835	-12.638970	0.137619	43.804015	0.153289	517.672159	4.041416	6.185821
#Covariance Matrix
285.436553	0.080730	-1.343008	-0.360621
0.080730	0.018939	-0.001176	0.013453
-1.343008	-0.001176	0.023498	-0.352436
-0.360621	0.013453	-0.352436	16.333040
#Peak Valley Ratio
9.961723	0.067821

##Run 99, [-90.0, 90.0] deg., [-100.0, 100.0]cm
4659.233379	16.894835	-12.638970	0.137619	43.804015	0.153289	517.672159	4.041416	6.185821
#Covariance Matrix
285.436553	0.080730	-1.343008	-0.360621
0.080730	0.018939	-0.001176	0.013453
-1.343008	-0.001176	0.023498	-0.352436
-0.360621	0.013453	-0.352436	16.333040
#Peak Valley Ratio
9.961723	0.067821

##Run 01, [-12.8, 12.8] deg., [-24.7, -18.7]cm
24.764939	1.208771	-16.655726	1.794637	43.075659	1.964309	1.898927	0.269166	0.858988
#Covariance Matrix
1.461131	-0.100342	-1.249735	0.006765
-0.100342	3.220828	0.278354	-0.019094
-1.249735	0.278354	3.858520	-0.306930
0.006765	-0.019094	-0.306930	0.072451
#Peak Valley Ratio
13.982630	1.499255

##Run 02, [-12.8, 12.8] deg., [18.7, 24.7]cm
30.474220	1.355732	-11.907638	1.717370	39.000706	1.460760	1.791285	0.225332	1.171089
#Covariance Matrix
1.838013	0.657799	-1.048424	0.005573
0.657799	2.949449	-1.140004	0.063260
-1.048424	-1.140004	2.133824	-0.168204
0.005573	0.063260	-0.168204	0.050774
#Peak Valley Ratio
17.997988	1.872013

##Run 00, [-12.8, 12.8] deg., [-2.6, 2.6]cm
26.085029	1.259509	-10.454685	1.791436	45.217453	2.136862	2.031084	0.279727	1.196442
#Covariance Matrix
1.586367	-0.193862	-1.539066	0.021975
-0.193862	3.209348	0.501556	-0.030900
-1.539066	0.501556	4.566194	-0.353775
0.021975	-0.030900	-0.353775	0.078247
#Peak Valley Ratio
13.715301	1.402918

##Run 1001, [-12.8, 12.8] deg., [-100.0, 100.0]cm
224.150876	3.690818	-12.480223	0.603132	42.542799	0.639743	19.518498	0.763725	1.126429
#Covariance Matrix
13.622162	0.167318	-1.270525	0.023079
0.167318	0.363769	-0.043877	0.018853
-1.270525	-0.043877	0.409272	-0.262336
0.023079	0.018853	-0.262336	0.583275
#Peak Valley Ratio
12.446963	0.407265

##Run 2000, [-90.0, 90.0] deg., [-100.0, 100.0]cm
196.716805	3.404497	-33.355327	0.597537	37.413776	0.458484	2.153522	0.268772	3.498955
#Covariance Matrix
11.590625	0.605966	-0.921411	0.065910
0.605966	0.357052	-0.126803	0.016206
-0.921411	-0.126803	0.210207	-0.049252
0.065910	0.016206	-0.049252	0.072238
#Peak Valley Ratio
92.187958	5.581122

##Run 60, [-90.0, 90.0] deg., [-100.0, 100.0]cm
30.670617	1.366024	-36.426763	1.306233	32.551524	1.034952	0.767177	0.266574	0.822918
#Covariance Matrix
1.866026	0.076264	-0.562496	-0.033100
0.076264	1.706277	-0.038878	-0.016246
-0.562496	-0.038878	1.071127	-0.148585
-0.033100	-0.016246	-0.148585	0.071061
#Peak Valley Ratio
40.977806	12.998352

##Run 66, [-90.0, 90.0] deg., [-100.0, 100.0]cm
13.861315	2.125578	-67.666404	1.056517	8.150568	1.015160	1.234001	0.191172	0.268456
#Covariance Matrix
4.518131	0.099147	-1.344369	0.003842
0.099147	1.116243	-0.079150	0.004469
-1.344369	-0.079150	1.030554	-0.052164
0.003842	0.004469	-0.052164	0.036547
#Peak Valley Ratio
12.232825	2.448534

##Run 0000, [-90.0, 90.0] deg., [-100.0, 100.0]cm
4329.139102	16.105863	-11.693128	0.142510	44.308125	0.158553	455.363144	3.850021	5.308190
#Covariance Matrix
259.399737	0.064092	-1.319955	-0.168504
0.064092	0.020309	-0.001006	0.010463
-1.319955	-0.001006	0.025139	-0.350273
-0.168504	0.010463	-0.350273	14.822662
#Peak Valley Ratio
10.455160	0.074726

##Run 2002, [-90.0, 90.0] deg., [-100.0, 100.0]cm
13.664489	0.990664	-39.535361	2.113800	29.393993	1.529174	0.803390	0.236232	1.561471
#Covariance Matrix
0.981417	-0.248985	-0.524038	-0.046928
-0.248985	4.468368	0.753288	-0.033354
-0.524038	0.753288	2.338380	-0.167183
-0.046928	-0.033354	-0.167183	0.055805
#Peak Valley Ratio
18.008524	5.120803

##Run 2002, [-90.0, 90.0] deg., [-100.0, 100.0]cm
13.664489	0.990664	-39.535361	2.113800	29.393993	1.529174	0.803390	0.236232	1.561471
#Covariance Matrix
0.981417	-0.248985	-0.524038	-0.046928
-0.248985	4.468368	0.753288	-0.033354
-0.524038	0.753288	2.338380	-0.167183
-0.046928	-0.033354	-0.167183	0.055805
#Peak Valley Ratio
18.008524	5.120803

##Run 2003, [-90.0, 90.0] deg., [-100.0, 100.0]cm
4380.553263	16.337911	-11.718056	0.143256	44.112721	0.159807	508.377646	4.030803	4.902619
#Covariance Matrix
266.928291	0.065157	-1.330769	-0.848902
0.065157	0.020522	-0.001028	0.011273
-1.330769	-0.001028	0.025538	-0.369935
-0.848902	0.011273	-0.369935	16.247376
#Peak Valley Ratio
9.576731	0.066394

##Run 01, [-12.8, 12.8] deg., [-24.7, -18.7]cm
24.764939	1.208771	-16.655726	1.794637	43.075659	1.964309	1.898927	0.269166	0.858988
#Covariance Matrix
1.461131	-0.100342	-1.249735	0.006765
-0.100342	3.220828	0.278354	-0.019094
-1.249735	0.278354	3.858520	-0.306930
0.006765	-0.019094	-0.306930	0.072451
#Peak Valley Ratio
13.982630	1.499255

##Run 01, [-12.8, 12.8] deg., [-24.7, -18.7]cm
24.764939	1.208771	-16.655726	1.794637	43.075659	1.964309	1.898927	0.269166	0.858988
#Covariance Matrix
1.461131	-0.100342	-1.249735	0.006765
-0.100342	3.220828	0.278354	-0.019094
-1.249735	0.278354	3.858520	-0.306930
0.006765	-0.019094	-0.306930	0.072451
#Peak Valley Ratio
13.982630	1.499255

##Run 01, [-12.8, 12.8] deg., [-24.7, -18.7]cm
24.764939	1.208771	-16.655726	1.794637	43.075659	1.964309	1.898927	0.269166	0.858988
#Covariance Matrix
1.461131	-0.100342	-1.249735	0.006765
-0.100342	3.220828	0.278354	-0.019094
-1.249735	0.278354	3.858520	-0.306930
0.006765	-0.019094	-0.306930	0.072451
#Peak Valley Ratio
13.982630	1.499255

##Run 01, [-12.8, 12.8] deg., [-24.7, -18.7]cm
24.764939	1.208771	-16.655726	1.794637	43.075659	1.964309	1.898927	0.269166	0.858988
#Covariance Matrix
1.461131	-0.100342	-1.249735	0.006765
-0.100342	3.220828	0.278354	-0.019094
-1.249735	0.278354	3.858520	-0.306930
0.006765	-0.019094	-0.306930	0.072451
#Peak Valley Ratio
13.982630	1.499255

##Run 01, [-12.8, 12.8] deg., [-24.7, -18.7]cm
24.764939	1.208771	-16.655726	1.794637	43.075659	1.964309	1.898927	0.269166	0.858988
#Covariance Matrix
1.461131	-0.100342	-1.249735	0.006765
-0.100342	3.220828	0.278354	-0.019094
-1.249735	0.278354	3.858520	-0.306930
0.006765	-0.019094	-0.306930	0.072451
#Peak Valley Ratio
13.982630	1.499255

##Run 01, [-12.8, 12.8] deg., [-24.7, -18.7]cm
24.764939	1.208771	-16.655726	1.794637	43.075659	1.964309	1.898927	0.269166	0.858988
#Covariance Matrix
1.461131	-0.100342	-1.249735	0.006765
-0.100342	3.220828	0.278354	-0.019094
-1.249735	0.278354	3.858520	-0.306930
0.006765	-0.019094	-0.306930	0.072451
#Peak Valley Ratio
13.982630	1.499255

##Run 01, [-12.8, 12.8] deg., [-24.7, -18.7]cm
24.764939	1.208771	-16.655726	1.794637	43.075659	1.964309	1.898927	0.269166	0.858988
#Covariance Matrix
1.461131	-0.100342	-1.249735	0.006765
-0.100342	3.220828	0.278354	-0.019094
-1.249735	0.278354	3.858520	-0.306930
0.006765	-0.019094	-0.306930	0.072451
#Peak Valley Ratio
13.982630	1.499255

##Run 01, [-12.8, 12.8] deg., [-24.7, -18.7]cm
24.764939	1.208771	-16.655726	1.794637	43.075659	1.964309	1.898927	0.269166	0.858988
#Covariance Matrix
1.461131	-0.100342	-1.249735	0.006765
-0.100342	3.220828	0.278354	-0.019094
-1.249735	0.278354	3.858520	-0.306930
0.006765	-0.019094	-0.306930	0.072451
#Peak Valley Ratio
13.982630	1.499255

##Run 01, [-12.8, 12.8] deg., [-24.7, -18.7]cm
24.764939	1.208771	-16.655726	1.794637	43.075659	1.964309	1.898927	0.269166	0.858988
#Covariance Matrix
1.461131	-0.100342	-1.249735	0.006765
-0.100342	3.220828	0.278354	-0.019094
-1.249735	0.278354	3.858520	-0.306930
0.006765	-0.019094	-0.306930	0.072451
#Peak Valley Ratio
13.982630	1.499255

##Run 01, [-12.8, 12.8] deg., [-24.7, -18.7]cm
24.764939	1.208771	-16.655726	1.794637	43.075659	1.964309	1.898927	0.269166	0.858988
#Covariance Matrix
1.461131	-0.100342	-1.249735	0.006765
-0.100342	3.220828	0.278354	-0.019094
-1.249735	0.278354	3.858520	-0.306930
0.006765	-0.019094	-0.306930	0.072451
#Peak Valley Ratio
13.982630	1.499255

##Run 01, [-12.8, 12.8] deg., [-24.7, -18.7]cm
24.764939	1.208771	-16.655726	1.794637	43.075659	1.964309	1.898927	0.269166	0.858988
#Covariance Matrix
1.461131	-0.100342	-1.249735	0.006765
-0.100342	3.220828	0.278354	-0.019094
-1.249735	0.278354	3.858520	-0.306930
0.006765	-0.019094	-0.306930	0.072451
#Peak Valley Ratio
13.982630	1.499255

##Run 01, [-12.8, 12.8] deg., [-24.7, -18.7]cm
24.764939	1.208771	-16.655726	1.794637	43.075659	1.964309	1.898927	0.269166	0.858988
#Covariance Matrix
1.461131	-0.100342	-1.249735	0.006765
-0.100342	3.220828	0.278354	-0.019094
-1.249735	0.278354	3.858520	-0.306930
0.006765	-0.019094	-0.306930	0.072451
#Peak Valley Ratio
13.982630	1.499255

##Run 01, [-12.8, 12.8] deg., [-24.7, -18.7]cm
24.764939	1.208771	-16.655726	1.794637	43.075659	1.964309	1.898927	0.269166	0.858988
#Covariance Matrix
1.461131	-0.100342	-1.249735	0.006765
-0.100342	3.220828	0.278354	-0.019094
-1.249735	0.278354	3.858520	-0.306930
0.006765	-0.019094	-0.306930	0.072451
#Peak Valley Ratio
13.982630	1.499255

##Run 01, [-12.8, 12.8] deg., [-24.7, -18.7]cm
24.764939	1.208771	-16.655726	1.794637	43.075659	1.964309	1.898927	0.269166	0.858988
#Covariance Matrix
1.461131	-0.100342	-1.249735	0.006765
-0.100342	3.220828	0.278354	-0.019094
-1.249735	0.278354	3.858520	-0.306930
0.006765	-0.019094	-0.306930	0.072451
#Peak Valley Ratio
13.982630	1.499255

##Run 01, [-12.8, 12.8] deg., [-24.7, -18.7]cm
24.764939	1.208771	-16.655726	1.794637	43.075659	1.964309	1.898927	0.269166	0.858988
#Covariance Matrix
1.461131	-0.100342	-1.249735	0.006765
-0.100342	3.220828	0.278354	-0.019094
-1.249735	0.278354	3.858520	-0.306930
0.006765	-0.019094	-0.306930	0.072451
#Peak Valley Ratio
13.982630	1.499255

##Run 00, [-12.8, 12.8] deg., [-24.7, -18.7]cm
29.355237	1.254155	-18.307603	1.693534	45.989470	1.808892	2.095589	0.292891	0.721746
#Covariance Matrix
1.572906	-0.123031	-1.134373	-0.000346
-0.123031	2.868144	0.270137	-0.016409
-1.134373	0.270137	3.272099	-0.313129
-0.000346	-0.016409	-0.313129	0.085785
#Peak Valley Ratio
14.812415	1.305297

##Run 00, [-90.0, 90.0] deg., [-100.0, 100.0]cm
4623.981130	16.788629	-12.621872	0.137714	43.886445	0.153409	499.325123	3.982008	6.302305
#Covariance Matrix
281.859123	0.076686	-1.341197	-0.145809
0.076686	0.018965	-0.001121	0.012578
-1.341197	-0.001121	0.023534	-0.347627
-0.145809	0.012578	-0.347627	15.856384
#Peak Valley Ratio
10.218375	0.070382

##Run 00, [-90.0, 90.0] deg., [-100.0, 100.0]cm
4623.981130	16.788629	-12.621872	0.137714	43.886445	0.153409	499.325123	3.982008	6.302305
#Covariance Matrix
281.859123	0.076686	-1.341197	-0.145809
0.076686	0.018965	-0.001121	0.012578
-1.341197	-0.001121	0.023534	-0.347627
-0.145809	0.012578	-0.347627	15.856384
#Peak Valley Ratio
10.218375	0.070382

##Run 00, [-90.0, 90.0] deg., [-100.0, 100.0]cm
4623.981130	16.788629	-12.621872	0.137714	43.886445	0.153409	499.325123	3.982008	6.302305
#Covariance Matrix
281.859123	0.076686	-1.341197	-0.145809
0.076686	0.018965	-0.001121	0.012578
-1.341197	-0.001121	0.023534	-0.347627
-0.145809	0.012578	-0.347627	15.856384
#Peak Valley Ratio
10.218375	0.070382

##Run 00, [-12.8, 12.8] deg., [-2.6, 2.6]cm
27.696860	1.295683	-9.698153	1.816057	48.756049	2.420693	2.241077	0.315778	1.265207
#Covariance Matrix
1.678798	-0.259834	-1.872609	0.047380
-0.259834	3.298176	0.720983	-0.050943
-1.872609	0.720983	5.859778	-0.493337
0.047380	-0.050943	-0.493337	0.099716
#Peak Valley Ratio
13.005962	1.232825

##Run 00, [-36.9, 150.4] deg., [-2.6, 2.6]cm
9.333602	0.747279	-21.664695	3.357153	44.269232	3.296117	1.508573	0.246616	0.933143
#Covariance Matrix
0.558427	0.172493	-0.865108	-0.034303
0.172493	11.271804	-1.593631	0.062090
-0.865108	-1.593631	10.864477	-0.470150
-0.034303	0.062090	-0.470150	0.060820
#Peak Valley Ratio
7.164253	0.974453

##Run 00, [-12.8, 12.8] deg., [-24.7, 24.7]cm
277.384833	4.089106	-12.092650	0.554602	43.927790	0.614440	26.164453	0.916777	1.582185
#Covariance Matrix
16.720820	0.141531	-1.344460	0.050200
0.141531	0.307584	-0.034079	0.022438
-1.344460	-0.034079	0.377536	-0.317767
0.050200	0.022438	-0.317767	0.840479
#Peak Valley Ratio
11.546280	0.335958

##Run 00, [-12.8, 12.8] deg., [-2.6, 2.6]cm
27.696860	1.295683	-9.698153	1.816057	48.756049	2.420693	2.241077	0.315778	1.265207
#Covariance Matrix
1.678798	-0.259834	-1.872609	0.047380
-0.259834	3.298176	0.720983	-0.050943
-1.872609	0.720983	5.859778	-0.493337
0.047380	-0.050943	-0.493337	0.099716
#Peak Valley Ratio
13.005962	1.232825

##Run 00, [-12.8, 12.8] deg., [-24.7, -18.7]cm
29.355237	1.254155	-18.307603	1.693534	45.989470	1.808892	2.095589	0.292891	0.721746
#Covariance Matrix
1.572906	-0.123031	-1.134373	-0.000346
-0.123031	2.868144	0.270137	-0.016409
-1.134373	0.270137	3.272099	-0.313129
-0.000346	-0.016409	-0.313129	0.085785
#Peak Valley Ratio
14.812415	1.305297

##Run 00, [-12.8, 12.8] deg., [18.7, 24.7]cm
36.360767	1.463287	-9.484047	1.568312	39.859395	1.368302	2.454154	0.266126	1.193109
#Covariance Matrix
2.141213	0.557716	-1.020584	0.000867
0.557716	2.459664	-0.877954	0.067472
-1.020584	-0.877954	1.872253	-0.190886
0.000867	0.067472	-0.190886	0.070823
#Peak Valley Ratio
15.798551	1.410372

##Run 00, [-90.0, 90.0] deg., [-100.0, 100.0]cm
4043.433526	15.524219	-11.601289	0.147540	44.418940	0.163898	422.582575	3.720748	4.786438
#Covariance Matrix
241.002169	0.062153	-1.310766	-0.207933
0.062153	0.021768	-0.001049	0.010242
-1.310766	-0.001049	0.026862	-0.350599
-0.207933	0.010242	-0.350599	13.843965
#Peak Valley Ratio
10.513714	0.077749

##Run 06, [-13.1, 16.9]cm top., [-8.6, 21.4]cm bot2.616116	1.054389	-40.869118	4.797943	12.259680	3.072823	1.135214	0.149882	0.162377
#Covariance Matrix
1.111752	1.685769	-1.533082	-0.021346
1.685769	23.026008	-3.086873	0.020570
-1.533082	-3.086873	9.442483	-0.114970
-0.021346	0.020570	-0.114970	0.022465
#Peak Valley Ratio
3.304513	0.977369

##Run 06, [-13.1, 16.9]cm top., [-8.6, 21.4]cm bot2.616116	1.054389	-40.869118	4.797943	12.259680	3.072823	1.135214	0.149882	0.162377
#Covariance Matrix
1.111752	1.685769	-1.533082	-0.021346
1.685769	23.026008	-3.086873	0.020570
-1.533082	-3.086873	9.442483	-0.114970
-0.021346	0.020570	-0.114970	0.022465
#Peak Valley Ratio
3.304513	0.977369

##Run 00, [-13.1, 16.9]cm top., [-8.6, 21.4]cm bot348.620649	4.578165	-11.850238	0.496454	44.401579	0.562819	33.630901	1.055951	1.451116
#Covariance Matrix
20.959639	0.051632	-1.377570	0.091010
0.051632	0.246467	-0.009542	0.007113
-1.377570	-0.009542	0.316765	-0.342776
0.091010	0.007113	-0.342776	1.115033
#Peak Valley Ratio
11.302812	0.293911

##Run 01, [46.8, 7487.5]cm top., [51.3, 7487.5]cm bot65.102200	1.879596	-8.062479	1.226405	48.564000	1.418015	7.260180	0.548823	0.640310
#Covariance Matrix
3.532886	0.045381	-1.235683	-0.032198
0.045381	1.504093	-0.062258	0.012683
-1.235683	-0.062258	2.010768	-0.492695
-0.032198	0.012683	-0.492695	0.301207
#Peak Valley Ratio
9.784590	0.538163

##Run 02, [-7487.5, -43.1]cm top., [-7487.5, -38.6]cm bot61.377751	1.920938	-19.447384	1.254157	46.802223	1.512171	7.222361	0.518383	0.721456
#Covariance Matrix
3.690009	0.209264	-1.514764	0.012477
0.209264	1.572937	-0.260490	0.042721
-1.514764	-0.260490	2.286664	-0.482428
0.012477	0.042721	-0.482428	0.268721
#Peak Valley Ratio
9.400218	0.567492

##Run 200, [-7487.5, 7487.5]cm top., [-7487.5, 7487.5]cm bot1000.979554	7.558975	-93.598579	0.357201	50.692323	0.403719	193.078461	2.626919	3.350313
#Covariance Matrix
57.138231	-0.007363	-1.209894	-2.740068
-0.007363	0.127593	0.002051	-0.038380
-1.209894	0.002051	0.162989	-0.638850
-2.740068	-0.038380	-0.638850	6.900702
#Peak Valley Ratio
6.069242	0.074967

##Run 200, [-13.1, 16.9]cm top., [-8.6, 21.4]cm bot91.346340	2.251394	-95.479413	1.135886	49.428689	1.227598	14.783587	0.708521	0.905186
#Covariance Matrix
5.068786	-0.002011	-1.148738	-0.191772
-0.002011	1.290262	0.006009	-0.028143
-1.148738	0.006009	1.506999	-0.504746
-0.191772	-0.028143	-0.504746	0.502002
#Peak Valley Ratio
7.063739	0.292465

##Run 201, [-13.1, 16.9]cm top., [-8.6, 21.4]cm bot91.346340	2.251394	-95.479413	1.135886	49.428689	1.227598	14.783587	0.708521	0.905186
#Covariance Matrix
5.068786	-0.002011	-1.148738	-0.191772
-0.002011	1.290262	0.006009	-0.028143
-1.148738	0.006009	1.506999	-0.504746
-0.191772	-0.028143	-0.504746	0.502002
#Peak Valley Ratio
7.063739	0.292465

##Run 202, [-7487.5, -43.1]cm top., [-7487.5, -38.6]cm bot15.315627	0.878395	-97.371563	3.191199	56.423501	3.641515	2.442321	0.342363	1.200291
#Covariance Matrix
0.771579	0.450124	-1.177327	-0.042062
0.450124	10.185258	-3.875132	0.153865
-1.177327	-3.875132	13.260738	-0.816369
-0.042062	0.153865	-0.816369	0.117213
#Peak Valley Ratio
6.748939	0.630313

##Run 201, [46.8, 7487.5]cm top., [51.3, 7487.5]cm bot18.098892	0.873777	-71.116824	2.693415	59.411776	3.090828	1.937307	0.386755	0.857074
#Covariance Matrix
0.763488	-0.079936	-0.654202	-0.066694
-0.079936	7.255126	1.468449	-0.164654
-0.654202	1.468449	9.553267	-0.873147
-0.066694	-0.164654	-0.873147	0.149579
#Peak Valley Ratio
8.692554	0.588513

##Run 00, [-13.1, 16.9]cm top., [-8.6, 21.4]cm bot171.944803	3.255219	-12.203756	0.698272	43.555831	0.784226	15.735063	0.705222	1.739772
#Covariance Matrix
10.596472	0.154798	-1.406716	0.062396
0.154798	0.487586	-0.057574	0.021891
-1.406716	-0.057574	0.615010	-0.309573
0.062396	0.021891	-0.309573	0.497338
#Peak Valley Ratio
11.876717	0.447228

##Run 01, [46.8, 7487.5]cm top., [51.3, 7487.5]cm bot16.307726	0.906706	-11.844248	2.461846	51.447443	3.022370	1.364189	0.309206	0.581217
#Covariance Matrix
0.822117	0.174942	-1.184182	-0.012885
0.174942	6.061063	-1.027010	0.059177
-1.184182	-1.027010	9.134774	-0.638269
-0.012885	0.059177	-0.638269	0.095609
#Peak Valley Ratio
12.307583	1.289590

##Run 02, [-7487.5, -43.1]cm top., [-7487.5, -38.6]cm bot18.949985	1.133565	-19.341789	2.175142	43.278074	2.598521	2.311989	0.264754	0.611578
#Covariance Matrix
1.284972	-0.231582	-1.668219	0.008343
-0.231582	4.731475	0.849707	-0.042472
-1.668219	0.849707	6.752349	-0.388117
0.008343	-0.042472	-0.388117	0.070094
#Peak Valley Ratio
9.170054	0.986978

##Run 222, [-7487.5, 7487.5]cm top., [-7487.5, 7487.5]cm bot3214.820152	13.321345	-91.890617	0.200346	51.756757	0.226695	597.640594	4.763551	9.072103
#Covariance Matrix
177.458711	0.011830	-1.150878	-9.237647
0.011830	0.040139	0.000180	-0.035963
-1.150878	0.000180	0.051391	-0.663848
-9.237647	-0.035963	-0.663848	22.691415
#Peak Valley Ratio
6.220995	0.042486

##Run 00, [-7487.5, 7487.5]cm top., [-7487.5, 7487.5]cm bot3214.820152	13.321345	-91.890617	0.200346	51.756757	0.226695	597.640594	4.763551	9.072103
#Covariance Matrix
177.458711	0.011830	-1.150878	-9.237647
0.011830	0.040139	0.000180	-0.035963
-1.150878	0.000180	0.051391	-0.663848
-9.237647	-0.035963	-0.663848	22.691415
#Peak Valley Ratio
6.220995	0.042486

##Run 00, [-13.1, 16.9]cm top., [-8.6, 21.4]cm bot300.084124	4.049140	-92.836897	0.626610	50.122176	0.688138	47.011848	1.294184	1.517745
#Covariance Matrix
16.395569	0.003023	-1.158008	-0.602203
0.003023	0.392642	0.002610	-0.030147
-1.158008	0.002610	0.473534	-0.527159
-0.602203	-0.030147	-0.527159	1.674912
#Peak Valley Ratio
7.236910	0.166109

##Run 01, [46.8, 7487.5]cm top., [51.3, 7487.5]cm bot50.120955	1.617566	-76.652030	1.734732	57.102965	2.093339	10.447878	0.750073	1.062447
#Covariance Matrix
2.616523	0.209673	-0.883443	-0.275659
0.209673	3.009409	-0.449814	0.038293
-0.883443	-0.449814	4.382079	-1.088971
-0.275659	0.038293	-1.088971	0.562610
#Peak Valley Ratio
5.434553	0.278046

##Run 02, [-7487.5, -43.1]cm top., [-7487.5, -38.6]cm bot51.075938	1.859464	-100.809559	1.551298	46.160610	1.791160	11.849110	0.582042	1.179235
#Covariance Matrix
3.457614	0.004903	-1.531207	-0.114203
0.004903	2.406613	-0.001106	-0.027291
-1.531207	-0.001106	3.208261	-0.580049
-0.114203	-0.027291	-0.580049	0.338773
#Peak Valley Ratio
5.287779	0.276299

##Run 00, [-13.1, 16.9]cm top., [-8.6, 21.4]cm bot300.084124	4.049140	-92.836897	0.626610	50.122176	0.688138	47.011848	1.294184	1.517745
#Covariance Matrix
16.395569	0.003023	-1.158008	-0.602203
0.003023	0.392642	0.002610	-0.030147
-1.158008	0.002610	0.473534	-0.527159
-0.602203	-0.030147	-0.527159	1.674912
#Peak Valley Ratio
7.236910	0.166109

##Run 00, [-13.1, 16.9]cm top., [-8.6, 21.4]cm bot300.084124	4.049140	-92.836897	0.626610	50.122176	0.688138	47.011848	1.294184	1.517745
#Covariance Matrix
16.395569	0.003023	-1.158008	-0.602203
0.003023	0.392642	0.002610	-0.030147
-1.158008	0.002610	0.473534	-0.527159
-0.602203	-0.030147	-0.527159	1.674912
#Peak Valley Ratio
7.236910	0.166109

##Run 00, [-13.1, 16.9]cm top., [-8.6, 21.4]cm bot300.084124	4.049140	-92.836897	0.626610	50.122176	0.688138	47.011848	1.294184	1.517745
#Covariance Matrix
16.395569	0.003023	-1.158008	-0.602203
0.003023	0.392642	0.002610	-0.030147
-1.158008	0.002610	0.473534	-0.527159
-0.602203	-0.030147	-0.527159	1.674912
#Peak Valley Ratio
7.236910	0.166109

##Run 00, [-13.1, 16.9]cm top., [-8.6, 21.4]cm bot300.084124	4.049140	-92.836897	0.626610	50.122176	0.688138	47.011848	1.294184	1.517745
#Covariance Matrix
16.395569	0.003023	-1.158008	-0.602203
0.003023	0.392642	0.002610	-0.030147
-1.158008	0.002610	0.473534	-0.527159
-0.602203	-0.030147	-0.527159	1.674912
#Peak Valley Ratio
7.236910	0.166109

##Run 00, [-13.1, 16.9]cm top., [-8.6, 21.4]cm bot300.084124	4.049140	-92.836897	0.626610	50.122176	0.688138	47.011848	1.294184	1.517745
#Covariance Matrix
16.395569	0.003023	-1.158008	-0.602203
0.003023	0.392642	0.002610	-0.030147
-1.158008	0.002610	0.473534	-0.527159
-0.602203	-0.030147	-0.527159	1.674912
#Peak Valley Ratio
7.236910	0.166109

##Run 00, [-13.1, 16.9]cm top., [-8.6, 21.4]cm bot300.084124	4.049140	-92.836897	0.626610	50.122176	0.688138	47.011848	1.294184	1.517745
#Covariance Matrix
16.395569	0.003023	-1.158008	-0.602203
0.003023	0.392642	0.002610	-0.030147
-1.158008	0.002610	0.473534	-0.527159
-0.602203	-0.030147	-0.527159	1.674912
#Peak Valley Ratio
7.236910	0.166109

##Run 00, [-13.1, 16.9]cm top., [-8.6, 21.4]cm bot300.084124	4.049140	-92.836897	0.626610	50.122176	0.688138	47.011848	1.294184	1.517745
#Covariance Matrix
16.395569	0.003023	-1.158008	-0.602203
0.003023	0.392642	0.002610	-0.030147
-1.158008	0.002610	0.473534	-0.527159
-0.602203	-0.030147	-0.527159	1.674912
#Peak Valley Ratio
7.236910	0.166109

##Run 00, [-13.1, 16.9]cm top., [-8.6, 21.4]cm bot300.084124	4.049140	-92.836897	0.626610	50.122176	0.688138	47.011848	1.294184	1.517745
#Covariance Matrix
16.395569	0.003023	-1.158008	-0.602203
0.003023	0.392642	0.002610	-0.030147
-1.158008	0.002610	0.473534	-0.527159
-0.602203	-0.030147	-0.527159	1.674912
#Peak Valley Ratio
7.236910	0.166109

##Run 00, [-13.1, 16.9]cm top., [-8.6, 21.4]cm bot300.084124	4.049140	-92.836897	0.626610	50.122176	0.688138	47.011848	1.294184	1.517745
#Covariance Matrix
16.395569	0.003023	-1.158008	-0.602203
0.003023	0.392642	0.002610	-0.030147
-1.158008	0.002610	0.473534	-0.527159
-0.602203	-0.030147	-0.527159	1.674912
#Peak Valley Ratio
7.236910	0.166109

##Run 99, [0.0, 0.0]cm top., [0.0, 0.0]cm bot4659.233379	16.894835	-12.638970	0.137619	43.804015	0.153289	517.672159	4.041416	6.185821
#Covariance Matrix
285.436553	0.080730	-1.343008	-0.360621
0.080730	0.018939	-0.001176	0.013453
-1.343008	-0.001176	0.023498	-0.352436
-0.360621	0.013453	-0.352436	16.333040
#Peak Valley Ratio
9.961723	0.067821

##Run 00, [-13.1, 16.9]cm top., [-8.6, 21.4]cm bot300.084124	4.049140	-92.836897	0.626610	50.122176	0.688138	47.011848	1.294184	1.517745
#Covariance Matrix
16.395569	0.003023	-1.158008	-0.602203
0.003023	0.392642	0.002610	-0.030147
-1.158008	0.002610	0.473534	-0.527159
-0.602203	-0.030147	-0.527159	1.674912
#Peak Valley Ratio
7.236910	0.166109

##Run 00, [-13.1, 16.9]cm top., [-8.6, 21.4]cm bot300.084124	4.049140	-92.836897	0.626610	50.122176	0.688138	47.011848	1.294184	1.517745
#Covariance Matrix
16.395569	0.003023	-1.158008	-0.602203
0.003023	0.392642	0.002610	-0.030147
-1.158008	0.002610	0.473534	-0.527159
-0.602203	-0.030147	-0.527159	1.674912
#Peak Valley Ratio
7.236910	0.166109

##Run 00, [-13.1, 16.9]cm top., [-8.6, 21.4]cm bot300.084124	4.049140	-92.836897	0.626610	50.122176	0.688138	47.011848	1.294184	1.517745
#Covariance Matrix
16.395569	0.003023	-1.158008	-0.602203
0.003023	0.392642	0.002610	-0.030147
-1.158008	0.002610	0.473534	-0.527159
-0.602203	-0.030147	-0.527159	1.674912
#Peak Valley Ratio
7.236910	0.166109

##Run 00, [-13.1, 16.9]cm top., [-8.6, 21.4]cm bot300.084124	4.049140	-92.836897	0.626610	50.122176	0.688138	47.011848	1.294184	1.517745
#Covariance Matrix
16.395569	0.003023	-1.158008	-0.602203
0.003023	0.392642	0.002610	-0.030147
-1.158008	0.002610	0.473534	-0.527159
-0.602203	-0.030147	-0.527159	1.674912
#Peak Valley Ratio
7.236910	0.166109

##Run 00, [-13.1, 16.9]cm top., [-8.6, 21.4]cm bot300.084124	4.049140	-92.836897	0.626610	50.122176	0.688138	47.011848	1.294184	1.517745
#Covariance Matrix
16.395569	0.003023	-1.158008	-0.602203
0.003023	0.392642	0.002610	-0.030147
-1.158008	0.002610	0.473534	-0.527159
-0.602203	-0.030147	-0.527159	1.674912
#Peak Valley Ratio
7.236910	0.166109

##Run 00, [-13.1, 16.9]cm top., [-8.6, 21.4]cm bot300.084124	4.049140	-92.836897	0.626610	50.122176	0.688138	47.011848	1.294184	1.517745
#Covariance Matrix
16.395569	0.003023	-1.158008	-0.602203
0.003023	0.392642	0.002610	-0.030147
-1.158008	0.002610	0.473534	-0.527159
-0.602203	-0.030147	-0.527159	1.674912
#Peak Valley Ratio
7.236910	0.166109

##Run 00, [-13.1, 16.9]cm top., [-8.6, 21.4]cm bot300.084124	4.049140	-92.836897	0.626610	50.122176	0.688138	47.011848	1.294184	1.517745
#Covariance Matrix
16.395569	0.003023	-1.158008	-0.602203
0.003023	0.392642	0.002610	-0.030147
-1.158008	0.002610	0.473534	-0.527159
-0.602203	-0.030147	-0.527159	1.674912
#Peak Valley Ratio
7.236910	0.166109

##Run 00, [-13.1, 16.9]cm top., [-8.6, 21.4]cm bot300.084124	4.049140	-92.836897	0.626610	50.122176	0.688138	47.011848	1.294184	1.517745
#Covariance Matrix
16.395569	0.003023	-1.158008	-0.602203
0.003023	0.392642	0.002610	-0.030147
-1.158008	0.002610	0.473534	-0.527159
-0.602203	-0.030147	-0.527159	1.674912
#Peak Valley Ratio
7.236910	0.166109

##Run 00, [-13.1, 16.9]cm top., [-8.6, 21.4]cm bot300.084124	4.049140	-92.836897	0.626610	50.122176	0.688138	47.011848	1.294184	1.517745
#Covariance Matrix
16.395569	0.003023	-1.158008	-0.602203
0.003023	0.392642	0.002610	-0.030147
-1.158008	0.002610	0.473534	-0.527159
-0.602203	-0.030147	-0.527159	1.674912
#Peak Valley Ratio
7.236910	0.166109

##Run 00, [-13.1, 16.9]cm top., [-8.6, 21.4]cm bot300.084124	4.049140	-92.836897	0.626610	50.122176	0.688138	47.011848	1.294184	1.517745
#Covariance Matrix
16.395569	0.003023	-1.158008	-0.602203
0.003023	0.392642	0.002610	-0.030147
-1.158008	0.002610	0.473534	-0.527159
-0.602203	-0.030147	-0.527159	1.674912
#Peak Valley Ratio
7.236910	0.166109

##Run 00, [-13.1, 16.9]cm top., [-8.6, 21.4]cm bot300.084124	4.049140	-92.836897	0.626610	50.122176	0.688138	47.011848	1.294184	1.517745
#Covariance Matrix
16.395569	0.003023	-1.158008	-0.602203
0.003023	0.392642	0.002610	-0.030147
-1.158008	0.002610	0.473534	-0.527159
-0.602203	-0.030147	-0.527159	1.674912
#Peak Valley Ratio
7.236910	0.166109

##Run 00, [-13.1, 16.9]cm top., [-8.6, 21.4]cm bot300.084124	4.049140	-92.836897	0.626610	50.122176	0.688138	47.011848	1.294184	1.517745
#Covariance Matrix
16.395569	0.003023	-1.158008	-0.602203
0.003023	0.392642	0.002610	-0.030147
-1.158008	0.002610	0.473534	-0.527159
-0.602203	-0.030147	-0.527159	1.674912
#Peak Valley Ratio
7.236910	0.166109

##Run 00, [-13.1, 16.9]cm top., [-8.6, 21.4]cm bot300.084124	4.049140	-92.836897	0.626610	50.122176	0.688138	47.011848	1.294184	1.517745
#Covariance Matrix
16.395569	0.003023	-1.158008	-0.602203
0.003023	0.392642	0.002610	-0.030147
-1.158008	0.002610	0.473534	-0.527159
-0.602203	-0.030147	-0.527159	1.674912
#Peak Valley Ratio
7.236910	0.166109

##Run 00, [-13.1, 16.9]cm top., [-8.6, 21.4]cm bot300.084124	4.049140	-92.836897	0.626610	50.122176	0.688138	47.011848	1.294184	1.517745
#Covariance Matrix
16.395569	0.003023	-1.158008	-0.602203
0.003023	0.392642	0.002610	-0.030147
-1.158008	0.002610	0.473534	-0.527159
-0.602203	-0.030147	-0.527159	1.674912
#Peak Valley Ratio
7.236910	0.166109

##Run 00, [-13.1, 16.9]cm top., [-8.6, 21.4]cm bot300.084124	4.049140	-92.836897	0.626610	50.122176	0.688138	47.011848	1.294184	1.517745
#Covariance Matrix
16.395569	0.003023	-1.158008	-0.602203
0.003023	0.392642	0.002610	-0.030147
-1.158008	0.002610	0.473534	-0.527159
-0.602203	-0.030147	-0.527159	1.674912
#Peak Valley Ratio
7.236910	0.166109

##Run 00, [-13.1, 16.9]cm top., [-8.6, 21.4]cm bot300.084124	4.049140	-92.836897	0.626610	50.122176	0.688138	47.011848	1.294184	1.517745
#Covariance Matrix
16.395569	0.003023	-1.158008	-0.602203
0.003023	0.392642	0.002610	-0.030147
-1.158008	0.002610	0.473534	-0.527159
-0.602203	-0.030147	-0.527159	1.674912
#Peak Valley Ratio
7.236910	0.166109

##Run 00, [-13.1, 16.9]cm top., [-8.6, 21.4]cm bot300.084124	4.049140	-92.836897	0.626610	50.122176	0.688138	47.011848	1.294184	1.517745
#Covariance Matrix
16.395569	0.003023	-1.158008	-0.602203
0.003023	0.392642	0.002610	-0.030147
-1.158008	0.002610	0.473534	-0.527159
-0.602203	-0.030147	-0.527159	1.674912
#Peak Valley Ratio
7.236910	0.166109

##Run 00, [-13.1, 16.9]cm top., [-8.6, 21.4]cm bot300.084124	4.049140	-92.836897	0.626610	50.122176	0.688138	47.011848	1.294184	1.517745
#Covariance Matrix
16.395569	0.003023	-1.158008	-0.602203
0.003023	0.392642	0.002610	-0.030147
-1.158008	0.002610	0.473534	-0.527159
-0.602203	-0.030147	-0.527159	1.674912
#Peak Valley Ratio
7.236910	0.166109

##Run 00, [-13.1, 16.9]cm top., [-8.6, 21.4]cm bot300.084124	4.049140	-92.836897	0.626610	50.122176	0.688138	47.011848	1.294184	1.517745
#Covariance Matrix
16.395569	0.003023	-1.158008	-0.602203
0.003023	0.392642	0.002610	-0.030147
-1.158008	0.002610	0.473534	-0.527159
-0.602203	-0.030147	-0.527159	1.674912
#Peak Valley Ratio
7.236910	0.166109

##Run 00, [-13.1, 16.9]cm top., [-8.6, 21.4]cm bot300.084124	4.049140	-92.836897	0.626610	50.122176	0.688138	47.011848	1.294184	1.517745
#Covariance Matrix
16.395569	0.003023	-1.158008	-0.602203
0.003023	0.392642	0.002610	-0.030147
-1.158008	0.002610	0.473534	-0.527159
-0.602203	-0.030147	-0.527159	1.674912
#Peak Valley Ratio
7.236910	0.166109

##Run 00, [-13.1, 16.9]cm top., [-8.6, 21.4]cm bot300.084124	4.049140	-92.836897	0.626610	50.122176	0.688138	47.011848	1.294184	1.517745
#Covariance Matrix
16.395569	0.003023	-1.158008	-0.602203
0.003023	0.392642	0.002610	-0.030147
-1.158008	0.002610	0.473534	-0.527159
-0.602203	-0.030147	-0.527159	1.674912
#Peak Valley Ratio
7.236910	0.166109

##Run 00, [-13.1, 16.9]cm top., [-8.6, 21.4]cm bot300.084124	4.049140	-92.836897	0.626610	50.122176	0.688138	47.011848	1.294184	1.517745
#Covariance Matrix
16.395569	0.003023	-1.158008	-0.602203
0.003023	0.392642	0.002610	-0.030147
-1.158008	0.002610	0.473534	-0.527159
-0.602203	-0.030147	-0.527159	1.674912
#Peak Valley Ratio
7.236910	0.166109

##Run 00, [-13.1, 16.9]cm top., [-8.6, 21.4]cm bot300.084124	4.049140	-92.836897	0.626610	50.122176	0.688138	47.011848	1.294184	1.517745
#Covariance Matrix
16.395569	0.003023	-1.158008	-0.602203
0.003023	0.392642	0.002610	-0.030147
-1.158008	0.002610	0.473534	-0.527159
-0.602203	-0.030147	-0.527159	1.674912
#Peak Valley Ratio
7.236910	0.166109

##Run 00, [-13.1, 16.9]cm top., [-8.6, 21.4]cm bot300.084124	4.049140	-92.836897	0.626610	50.122176	0.688138	47.011848	1.294184	1.517745
#Covariance Matrix
16.395569	0.003023	-1.158008	-0.602203
0.003023	0.392642	0.002610	-0.030147
-1.158008	0.002610	0.473534	-0.527159
-0.602203	-0.030147	-0.527159	1.674912
#Peak Valley Ratio
7.236910	0.166109

##Run 00, [-13.1, 16.9]cm top., [-8.6, 21.4]cm bot300.084124	4.049140	-92.836897	0.626610	50.122176	0.688138	47.011848	1.294184	1.517745
#Covariance Matrix
16.395569	0.003023	-1.158008	-0.602203
0.003023	0.392642	0.002610	-0.030147
-1.158008	0.002610	0.473534	-0.527159
-0.602203	-0.030147	-0.527159	1.674912
#Peak Valley Ratio
7.236910	0.166109

##Run 00, [-13.1, 16.9]cm top., [-8.6, 21.4]cm bot300.084124	4.049140	-92.836897	0.626610	50.122176	0.688138	47.011848	1.294184	1.517745
#Covariance Matrix
16.395569	0.003023	-1.158008	-0.602203
0.003023	0.392642	0.002610	-0.030147
-1.158008	0.002610	0.473534	-0.527159
-0.602203	-0.030147	-0.527159	1.674912
#Peak Valley Ratio
7.236910	0.166109

##Run 00, [-13.1, 16.9]cm top., [-8.6, 21.4]cm bot300.084124	4.049140	-92.836897	0.626610	50.122176	0.688138	47.011848	1.294184	1.517745
#Covariance Matrix
16.395569	0.003023	-1.158008	-0.602203
0.003023	0.392642	0.002610	-0.030147
-1.158008	0.002610	0.473534	-0.527159
-0.602203	-0.030147	-0.527159	1.674912
#Peak Valley Ratio
7.236910	0.166109

##Run 00, [-13.1, 16.9]cm top., [-8.6, 21.4]cm bot300.084124	4.049140	-92.836897	0.626610	50.122176	0.688138	47.011848	1.294184	1.517745
#Covariance Matrix
16.395569	0.003023	-1.158008	-0.602203
0.003023	0.392642	0.002610	-0.030147
-1.158008	0.002610	0.473534	-0.527159
-0.602203	-0.030147	-0.527159	1.674912
#Peak Valley Ratio
7.236910	0.166109

##Run 00, [-13.1, 16.9]cm top., [-8.6, 21.4]cm bot300.084124	4.049140	-92.836897	0.626610	50.122176	0.688138	47.011848	1.294184	1.517745
#Covariance Matrix
16.395569	0.003023	-1.158008	-0.602203
0.003023	0.392642	0.002610	-0.030147
-1.158008	0.002610	0.473534	-0.527159
-0.602203	-0.030147	-0.527159	1.674912
#Peak Valley Ratio
7.236910	0.166109

##Run 00, [-13.1, 16.9]cm top., [-8.6, 21.4]cm bot300.084124	4.049140	-92.836897	0.626610	50.122176	0.688138	47.011848	1.294184	1.517745
#Covariance Matrix
16.395569	0.003023	-1.158008	-0.602203
0.003023	0.392642	0.002610	-0.030147
-1.158008	0.002610	0.473534	-0.527159
-0.602203	-0.030147	-0.527159	1.674912
#Peak Valley Ratio
7.236910	0.166109

##Run 00, [-13.1, 16.9]cm top., [-8.6, 21.4]cm bot300.084124	4.049140	-92.836897	0.626610	50.122176	0.688138	47.011848	1.294184	1.517745
#Covariance Matrix
16.395569	0.003023	-1.158008	-0.602203
0.003023	0.392642	0.002610	-0.030147
-1.158008	0.002610	0.473534	-0.527159
-0.602203	-0.030147	-0.527159	1.674912
#Peak Valley Ratio
7.236910	0.166109

##Run 00, [-13.1, 16.9]cm top., [-8.6, 21.4]cm bot300.084124	4.049140	-92.836897	0.626610	50.122176	0.688138	47.011848	1.294184	1.517745
#Covariance Matrix
16.395569	0.003023	-1.158008	-0.602203
0.003023	0.392642	0.002610	-0.030147
-1.158008	0.002610	0.473534	-0.527159
-0.602203	-0.030147	-0.527159	1.674912
#Peak Valley Ratio
7.236910	0.166109

##Run 00, [-13.1, 16.9]cm top., [-8.6, 21.4]cm bot300.084124	4.049140	-92.836897	0.626610	50.122176	0.688138	47.011848	1.294184	1.517745
#Covariance Matrix
16.395569	0.003023	-1.158008	-0.602203
0.003023	0.392642	0.002610	-0.030147
-1.158008	0.002610	0.473534	-0.527159
-0.602203	-0.030147	-0.527159	1.674912
#Peak Valley Ratio
7.236910	0.166109

##Run 00, [-13.1, 16.9]cm top., [-8.6, 21.4]cm bot300.084124	4.049140	-92.836897	0.626610	50.122176	0.688138	47.011848	1.294184	1.517745
#Covariance Matrix
16.395569	0.003023	-1.158008	-0.602203
0.003023	0.392642	0.002610	-0.030147
-1.158008	0.002610	0.473534	-0.527159
-0.602203	-0.030147	-0.527159	1.674912
#Peak Valley Ratio
7.236910	0.166109

##Run 00, [-13.1, 16.9]cm top., [-8.6, 21.4]cm bot300.084124	4.049140	-92.836897	0.626610	50.122176	0.688138	47.011848	1.294184	1.517745
#Covariance Matrix
16.395569	0.003023	-1.158008	-0.602203
0.003023	0.392642	0.002610	-0.030147
-1.158008	0.002610	0.473534	-0.527159
-0.602203	-0.030147	-0.527159	1.674912
#Peak Valley Ratio
7.236910	0.166109

##Run 01, [46.8, 7487.5]cm top., [51.3, 7487.5]cm bot50.120955	1.617566	-76.652030	1.734732	57.102965	2.093339	10.447878	0.750073	1.062447
#Covariance Matrix
2.616523	0.209673	-0.883443	-0.275659
0.209673	3.009409	-0.449814	0.038293
-0.883443	-0.449814	4.382079	-1.088971
-0.275659	0.038293	-1.088971	0.562610
#Peak Valley Ratio
5.434553	0.278046

##Run 02, [-7487.5, -43.1]cm top., [-7487.5, -38.6]cm bot51.075938	1.859464	-100.809559	1.551298	46.160610	1.791160	11.849110	0.582042	1.179235
#Covariance Matrix
3.457614	0.004903	-1.531207	-0.114203
0.004903	2.406613	-0.001106	-0.027291
-1.531207	-0.001106	3.208261	-0.580049
-0.114203	-0.027291	-0.580049	0.338773
#Peak Valley Ratio
5.287779	0.276299

##Run 99, [0.0, 0.0]cm top., [0.0, 0.0]cm bot4659.233379	16.894835	-12.638970	0.137619	43.804015	0.153289	517.672159	4.041416	6.185821
#Covariance Matrix
285.436553	0.080730	-1.343008	-0.360621
0.080730	0.018939	-0.001176	0.013453
-1.343008	-0.001176	0.023498	-0.352436
-0.360621	0.013453	-0.352436	16.333040
#Peak Valley Ratio
9.961723	0.067821

##Run 222, [-7487.5, 7487.5]cm top., [-7487.5, 7487.5]cm bot3214.820152	13.321345	-91.890617	0.200346	51.756757	0.226695	597.640594	4.763551	9.072103
#Covariance Matrix
177.458711	0.011830	-1.150878	-9.237647
0.011830	0.040139	0.000180	-0.035963
-1.150878	0.000180	0.051391	-0.663848
-9.237647	-0.035963	-0.663848	22.691415
#Peak Valley Ratio
6.220995	0.042486

##Run 00, [-13.1, 16.9]cm top., [-8.6, 21.4]cm bot171.944803	3.255219	-12.203756	0.698272	43.555831	0.784226	15.735063	0.705222	1.739772
#Covariance Matrix
10.596472	0.154798	-1.406716	0.062396
0.154798	0.487586	-0.057574	0.021891
-1.406716	-0.057574	0.615010	-0.309573
0.062396	0.021891	-0.309573	0.497338
#Peak Valley Ratio
11.876717	0.447228

##Run 01, [46.8, 7487.5]cm top., [51.3, 7487.5]cm bot16.307726	0.906706	-11.844248	2.461846	51.447443	3.022370	1.364189	0.309206	0.581217
#Covariance Matrix
0.822117	0.174942	-1.184182	-0.012885
0.174942	6.061063	-1.027010	0.059177
-1.184182	-1.027010	9.134774	-0.638269
-0.012885	0.059177	-0.638269	0.095609
#Peak Valley Ratio
12.307583	1.289590

##Run 02, [-7487.5, -43.1]cm top., [-7487.5, -38.6]cm bot18.949985	1.133565	-19.341789	2.175142	43.278074	2.598521	2.311989	0.264754	0.611578
#Covariance Matrix
1.284972	-0.231582	-1.668219	0.008343
-0.231582	4.731475	0.849707	-0.042472
-1.668219	0.849707	6.752349	-0.388117
0.008343	-0.042472	-0.388117	0.070094
#Peak Valley Ratio
9.170054	0.986978

##Run 00, [-13.1, 16.9]cm top., [-8.6, 21.4]cm bot407.465941	5.025447	-13.054962	0.454110	43.446708	0.513747	39.148920	1.110224	1.535516
#Covariance Matrix
25.255173	0.080473	-1.412024	0.138056
0.080473	0.206216	-0.013014	0.012501
-1.412024	-0.013014	0.263936	-0.321487
0.138056	0.012501	-0.321487	1.232597
#Peak Valley Ratio
11.363772	0.275449

##Run 01, [46.8, 7487.5]cm top., [51.3, 7487.5]cm bot76.933539	2.013511	-10.261340	1.139121	49.741878	1.337779	8.425209	0.616934	0.824187
#Covariance Matrix
4.054232	0.029530	-1.211639	-0.043638
0.029530	1.297614	-0.038973	0.010360
-1.211639	-0.038973	1.789656	-0.537542
-0.043638	0.010360	-0.537542	0.380607
#Peak Valley Ratio
9.872830	0.488375

##Run 02, [-7487.5, -43.1]cm top., [-7487.5, -38.6]cm bot68.025955	2.057706	-19.791020	1.202433	45.774901	1.420167	9.239947	0.563194	0.717857
#Covariance Matrix
4.234164	0.207304	-1.489646	-0.014664
0.207304	1.445868	-0.231651	0.043322
-1.489646	-0.231651	2.016879	-0.479630
-0.014664	0.043322	-0.479630	0.317187
#Peak Valley Ratio
8.308475	0.457370

##Run 333, [-7487.5, 7487.5]cm top., [-7487.5, 7487.5]cm bot5229.971540	16.938129	-34.414531	0.150490	49.295297	0.166994	579.698265	5.070557	46.764460
#Covariance Matrix
286.901306	0.590484	-1.343024	-1.390746
0.590484	0.022647	-0.009723	0.148184
-1.343024	-0.009723	0.027887	-0.548731
-1.390746	0.148184	-0.548731	25.710548
#Peak Valley Ratio
9.796902	0.061191

##Run 02, [-7487.5, -43.1]cm top., [-7487.5, -38.6]cm bot42.244125	1.493248	-65.576559	2.055951	63.819239	2.638074	10.064117	0.937146	0.724267
#Covariance Matrix
2.229793	0.102534	-0.022984	-0.582113
0.102534	4.227146	-0.062128	-0.060876
-0.022984	-0.062128	6.959459	-1.913552
-0.582113	-0.060876	-1.913552	0.878242
#Peak Valley Ratio
4.491227	0.221820

##Run 00, [-13.1, 16.9]cm top., [-8.6, 21.4]cm bot111.154495	2.378266	-35.242549	1.107659	55.946043	1.494122	17.784059	1.119315	1.428094
#Covariance Matrix
5.656158	0.325977	-1.122188	-0.315185
0.325977	1.226925	-0.421788	0.190770
-1.122188	-0.421788	2.232403	-1.265997
-0.315185	0.190770	-1.265997	1.252867
#Peak Valley Ratio
6.771805	0.267218

##Run 01, [46.8, 7487.5]cm top., [51.3, 7487.5]cm bot66.577920	1.792916	-20.491169	1.243851	52.441756	1.483151	6.514501	0.606490	1.172739
#Covariance Matrix
3.214553	-0.035111	-1.081310	-0.057771
-0.035111	1.547190	0.078500	-0.024336
-1.081310	0.078500	2.199741	-0.620590
-0.057771	-0.024336	-0.620590	0.367830
#Peak Valley Ratio
10.619710	0.510050

##Run 000, [-13.1, 16.9]cm top., [-8.6, 21.4]cm bot352.214007	4.790781	-146.860788	0.543399	42.287437	0.555404	39.635745	0.956588	7.199765
#Covariance Matrix
22.951636	0.075512	-1.396499	-0.113121
0.075512	0.295285	-0.052217	0.017385
-1.396499	-0.052217	0.308473	-0.249764
-0.113121	0.017385	-0.249764	0.915061
#Peak Valley Ratio
9.865878	0.232331

##Run 000, [-13.1, 16.9]cm top., [-8.6, 21.4]cm bot255.651828	3.799722	130.236108	0.736618	49.105866	0.741445	45.726762	1.163219	4.373556
#Covariance Matrix
14.437917	-0.145766	-1.108753	-0.622626
-0.145766	0.542612	0.104640	-0.037547
-1.108753	0.104640	0.549741	-0.474696
-0.622626	-0.037547	-0.474696	1.353078
#Peak Valley Ratio
6.502961	0.156443

##Run 000, [-13.1, 16.9]cm top., [-8.6, 21.4]cm bot110.568139	2.697202	-168.693048	1.265615	48.430206	1.187341	25.082430	0.799244	5.282110
#Covariance Matrix
7.274917	0.224583	-1.218320	-0.336267
0.224583	1.601999	-0.524635	0.111374
-1.218320	-0.524635	1.409779	-0.497844
-0.336267	0.111374	-0.497844	0.638790
#Peak Valley Ratio
5.360886	0.186146

##Run 001, [46.8, 7487.5]cm top., [51.3, 7487.5]cm bot39.130908	1.436172	144.248128	2.091280	55.982083	2.068768	8.163821	0.546514	1.811889
#Covariance Matrix
2.062593	0.179615	-0.809528	-0.180251
0.179615	4.374002	0.215497	0.015778
-0.809528	0.215497	4.279814	-0.689406
-0.180251	0.015778	-0.689406	0.298677
#Peak Valley Ratio
5.493577	0.289006

##Run 001, [46.8, 7487.5]cm top., [51.3, 7487.5]cm bot65.088756	1.935248	-142.878260	1.356970	46.298801	1.312243	8.641974	0.475370	1.806028
#Covariance Matrix
3.745192	0.026441	-1.130234	-0.084386
0.026441	1.841462	-0.274619	0.017530
-1.130234	-0.274619	1.721983	-0.314382
-0.084386	0.017530	-0.314382	0.225977
#Peak Valley Ratio
8.465112	0.427857

##Run 001, [46.8, 7487.5]cm top., [51.3, 7487.5]cm bot63.852022	1.900219	-155.494709	1.453946	48.949106	1.365371	9.595652	0.515104	2.929310
#Covariance Matrix
3.610839	-0.135289	-1.025713	-0.123574
-0.135289	2.114140	-0.182864	-0.001001
-1.025713	-0.182864	1.864242	-0.371837
-0.123574	-0.001001	-0.371837	0.265332
#Peak Valley Ratio
7.538113	0.358371

##Run 002, [-7487.5, -43.1]cm top., [-7487.5, -38.6]cm bot60.625047	2.077727	-153.317287	1.403793	41.087670	1.393524	10.288103	0.482756	2.202847
#Covariance Matrix
4.316960	0.145513	-1.392533	-0.080818
0.145513	1.970781	-0.465765	0.039165
-1.392533	-0.465765	1.941912	-0.314577
-0.080818	0.039165	-0.314577	0.233054
#Peak Valley Ratio
6.887214	0.333249

##Run 002, [-7487.5, -43.1]cm top., [-7487.5, -38.6]cm bot39.612656	1.660167	122.526996	1.850525	45.148433	2.021577	10.213289	0.511938	1.186272
#Covariance Matrix
2.756159	-0.151311	-1.478537	-0.109547
-0.151311	3.424666	0.486156	-0.017809
-1.478537	0.486156	4.086785	-0.547366
-0.109547	-0.017809	-0.547366	0.262080
#Peak Valley Ratio
4.865197	0.267758

##Run 002, [-7487.5, -43.1]cm top., [-7487.5, -38.6]cm bot40.004436	1.542410	158.442645	2.368935	58.393555	2.101953	12.663724	0.662811	2.394505
#Covariance Matrix
2.379032	0.220577	-0.498132	-0.358561
0.220577	5.613290	0.512614	-0.004110
-0.498132	0.512614	4.418217	-0.832193
-0.358561	-0.004110	-0.832193	0.439318
#Peak Valley Ratio
3.943632	0.178415

##Run 0, [-13.1, 16.9]cm top., [-8.6, 21.4]cm bot111.112230	2.392839	9.808511	1.125719	55.383939	1.537896	18.299923	1.161223	1.308475
#Covariance Matrix
5.725688	0.367973	-1.140199	-0.300410
0.367973	1.267260	-0.538949	0.273698
-1.140199	-0.538949	2.365129	-1.381176
-0.300410	0.273698	-1.381176	1.348440
#Peak Valley Ratio
6.660421	0.276630

##Run 0, [-13.1, 16.9]cm top., [-8.6, 21.4]cm bot257.867722	3.677204	-49.374069	0.671779	52.001809	0.793375	38.735809	1.354510	0.948635
#Covariance Matrix
13.521850	-0.075144	-1.090431	-0.571518
-0.075144	0.451289	0.039659	-0.047489
-1.090431	0.039659	0.629444	-0.718341
-0.571518	-0.047489	-0.718341	1.834697
#Peak Valley Ratio
7.410248	0.186653

##Run 0, [-13.1, 16.9]cm top., [-8.6, 21.4]cm bot349.358468	4.626010	33.143330	0.495037	44.158852	0.564997	34.035041	1.049962	1.420723
#Covariance Matrix
21.400018	0.079175	-1.422020	0.109014
0.079175	0.245063	-0.015329	0.013164
-1.422020	-0.015329	0.319222	-0.338011
0.109014	0.013164	-0.338011	1.102420
#Peak Valley Ratio
11.207926	0.291819

##Run 1, [46.8, 7487.5]cm top., [51.3, 7487.5]cm bot65.027029	1.798866	24.495642	1.279444	52.131193	1.540689	7.403092	0.630441	0.985609
#Covariance Matrix
3.235923	-0.010932	-1.102113	-0.075455
-0.010932	1.637006	0.034939	-0.010737
-1.102113	0.034939	2.373728	-0.669404
-0.075455	-0.010737	-0.669404	0.397456
#Peak Valley Ratio
9.359975	0.472671

##Run 1, [46.8, 7487.5]cm top., [51.3, 7487.5]cm bot40.567817	1.348080	-35.892463	1.853195	62.657289	2.704270	5.454004	0.839658	0.773748
#Covariance Matrix
1.817323	0.114645	-0.328910	-0.324156
0.114645	3.434458	-0.286835	0.020200
-0.328910	-0.286835	7.313107	-1.867662
-0.324156	0.020200	-1.867662	0.705025
#Peak Valley Ratio
6.804341	0.355056

##Run 1, [46.8, 7487.5]cm top., [51.3, 7487.5]cm bot65.409931	1.874108	37.028084	1.222649	48.454432	1.372784	7.226582	0.538342	0.629012
#Covariance Matrix
3.512286	0.026238	-1.175038	-0.046408
0.026238	1.494893	-0.046066	0.013120
-1.175038	-0.046066	1.884538	-0.457492
-0.046408	0.013120	-0.457492	0.289812
#Peak Valley Ratio
9.871207	0.530863

##Run 2, [-7487.5, -43.1]cm top., [-7487.5, -38.6]cm bot60.396393	1.996122	26.521788	1.257759	43.343885	1.456661	8.934201	0.541298	1.075529
#Covariance Matrix
3.984510	0.181833	-1.466260	-0.028349
0.181833	1.581983	-0.223521	0.040369
-1.466260	-0.223521	2.121864	-0.461137
-0.028349	0.040369	-0.461137	0.293003
#Peak Valley Ratio
7.741303	0.437311

##Run 2, [-7487.5, -43.1]cm top., [-7487.5, -38.6]cm bot44.843095	1.671140	-21.069284	1.953446	71.371074	3.559134	6.417456	1.551038	0.744887
#Covariance Matrix
2.792716	0.132251	2.428529	-1.696278
0.132251	3.816104	0.296703	-0.164954
2.428529	0.296703	12.667512	-5.011344
-1.696278	-0.164954	-5.011344	2.405718
#Peak Valley Ratio
5.052354	0.249980

##Run 2, [-7487.5, -43.1]cm top., [-7487.5, -38.6]cm bot39.801308	1.615777	-57.150374	1.756065	47.178255	2.087285	9.435371	0.567897	0.933336
#Covariance Matrix
2.610742	-0.065552	-1.398537	-0.105116
-0.065552	3.083874	0.182695	-0.032344
-1.398537	0.182695	4.356774	-0.733376
-0.105116	-0.032344	-0.733376	0.322507
#Peak Valley Ratio
5.188093	0.316354

##Run 0, [-13.1, 16.9]cm top., [-8.6, 21.4]cm bot111.112230	2.392839	9.808511	1.125719	55.383939	1.537896	18.299923	1.161223	1.308475
#Covariance Matrix
5.725688	0.367973	-1.140199	-0.300410
0.367973	1.267260	-0.538949	0.273698
-1.140199	-0.538949	2.365129	-1.381176
-0.300410	0.273698	-1.381176	1.348440
#Peak Valley Ratio
6.660421	0.276630

##Run 0, [-13.1, 16.9]cm top., [-8.6, 21.4]cm bot111.112230	2.392839	9.808511	1.125719	55.383939	1.537896	18.299923	1.161223	1.308475
#Covariance Matrix
5.725688	0.367973	-1.140199	-0.300410
0.367973	1.267260	-0.538949	0.273698
-1.140199	-0.538949	2.365129	-1.381176
-0.300410	0.273698	-1.381176	1.348440
#Peak Valley Ratio
6.660421	0.276630

##Run 0, [-13.1, 16.9]cm top., [-8.6, 21.4]cm bot111.112230	2.392839	9.808511	1.125719	55.383939	1.537896	18.299923	1.161223	1.308475
#Covariance Matrix
5.725688	0.367973	-1.140199	-0.300410
0.367973	1.267260	-0.538949	0.273698
-1.140199	-0.538949	2.365129	-1.381176
-0.300410	0.273698	-1.381176	1.348440
#Peak Valley Ratio
6.660421	0.276630

##Run 0, [-13.1, 16.9]cm top., [-8.6, 21.4]cm bot111.112230	2.392839	9.808511	1.125719	55.383939	1.537896	18.299923	1.161223	1.308475
#Covariance Matrix
5.725688	0.367973	-1.140199	-0.300410
0.367973	1.267260	-0.538949	0.273698
-1.140199	-0.538949	2.365129	-1.381176
-0.300410	0.273698	-1.381176	1.348440
#Peak Valley Ratio
6.660421	0.276630

##Run 0, [-13.1, 16.9]cm top., [-8.6, 21.4]cm bot111.112230	2.392839	9.808511	1.125719	55.383939	1.537896	18.299923	1.161223	1.308475
#Covariance Matrix
5.725688	0.367973	-1.140199	-0.300410
0.367973	1.267260	-0.538949	0.273698
-1.140199	-0.538949	2.365129	-1.381176
-0.300410	0.273698	-1.381176	1.348440
#Peak Valley Ratio
6.660421	0.276630

##Run 0, [-13.1, 16.9]cm top., [-8.6, 21.4]cm bot111.112230	2.392839	9.808511	1.125719	55.383939	1.537896	18.299923	1.161223	1.308475
#Covariance Matrix
5.725688	0.367973	-1.140199	-0.300410
0.367973	1.267260	-0.538949	0.273698
-1.140199	-0.538949	2.365129	-1.381176
-0.300410	0.273698	-1.381176	1.348440
#Peak Valley Ratio
6.660421	0.276630

##Run 0, [-13.1, 16.9]cm top., [-8.6, 21.4]cm bot111.112230	2.392839	9.808511	1.125719	55.383939	1.537896	18.299923	1.161223	1.308475
#Covariance Matrix
5.725688	0.367973	-1.140199	-0.300410
0.367973	1.267260	-0.538949	0.273698
-1.140199	-0.538949	2.365129	-1.381176
-0.300410	0.273698	-1.381176	1.348440
#Peak Valley Ratio
6.660421	0.276630

##Run 0, [-13.1, 16.9]cm top., [-8.6, 21.4]cm bot111.112230	2.392839	9.808511	1.125719	55.383939	1.537896	18.299923	1.161223	1.308475
#Covariance Matrix
5.725688	0.367973	-1.140199	-0.300410
0.367973	1.267260	-0.538949	0.273698
-1.140199	-0.538949	2.365129	-1.381176
-0.300410	0.273698	-1.381176	1.348440
#Peak Valley Ratio
6.660421	0.276630

##Run 0, [-13.1, 16.9]cm top., [-8.6, 21.4]cm bot111.112230	2.392839	9.808511	1.125719	55.383939	1.537896	18.299923	1.161223	1.308475
#Covariance Matrix
5.725688	0.367973	-1.140199	-0.300410
0.367973	1.267260	-0.538949	0.273698
-1.140199	-0.538949	2.365129	-1.381176
-0.300410	0.273698	-1.381176	1.348440
#Peak Valley Ratio
6.660421	0.276630

##Run 0, [-13.1, 16.9]cm top., [-8.6, 21.4]cm bot111.112230	2.392839	9.808511	1.125719	55.383939	1.537896	18.299923	1.161223	1.308475
#Covariance Matrix
5.725688	0.367973	-1.140199	-0.300410
0.367973	1.267260	-0.538949	0.273698
-1.140199	-0.538949	2.365129	-1.381176
-0.300410	0.273698	-1.381176	1.348440
#Peak Valley Ratio
6.660421	0.276630

##Run 0, [-13.1, 16.9]cm top., [-8.6, 21.4]cm bot111.112230	2.392839	9.808511	1.125719	55.383939	1.537896	18.299923	1.161223	1.308475
#Covariance Matrix
5.725688	0.367973	-1.140199	-0.300410
0.367973	1.267260	-0.538949	0.273698
-1.140199	-0.538949	2.365129	-1.381176
-0.300410	0.273698	-1.381176	1.348440
#Peak Valley Ratio
6.660421	0.276630

##Run 0, [-13.1, 16.9]cm top., [-8.6, 21.4]cm bot111.112230	2.392839	9.808511	1.125719	55.383939	1.537896	18.299923	1.161223	1.308475
#Covariance Matrix
5.725688	0.367973	-1.140199	-0.300410
0.367973	1.267260	-0.538949	0.273698
-1.140199	-0.538949	2.365129	-1.381176
-0.300410	0.273698	-1.381176	1.348440
#Peak Valley Ratio
6.660421	0.276630

##Run 0, [-13.1, 16.9]cm top., [-8.6, 21.4]cm bot111.112230	2.392839	9.808511	1.125719	55.383939	1.537896	18.299923	1.161223	1.308475
#Covariance Matrix
5.725688	0.367973	-1.140199	-0.300410
0.367973	1.267260	-0.538949	0.273698
-1.140199	-0.538949	2.365129	-1.381176
-0.300410	0.273698	-1.381176	1.348440
#Peak Valley Ratio
6.660421	0.276630

##Run 0, [-13.1, 16.9]cm top., [-8.6, 21.4]cm bot111.112230	2.392839	9.808511	1.125719	55.383939	1.537896	18.299923	1.161223	1.308475
#Covariance Matrix
5.725688	0.367973	-1.140199	-0.300410
0.367973	1.267260	-0.538949	0.273698
-1.140199	-0.538949	2.365129	-1.381176
-0.300410	0.273698	-1.381176	1.348440
#Peak Valley Ratio
6.660421	0.276630

##Run 0, [-13.1, 16.9]cm top., [-8.6, 21.4]cm bot111.112230	2.392839	9.808511	1.125719	55.383939	1.537896	18.299923	1.161223	1.308475
#Covariance Matrix
5.725688	0.367973	-1.140199	-0.300410
0.367973	1.267260	-0.538949	0.273698
-1.140199	-0.538949	2.365129	-1.381176
-0.300410	0.273698	-1.381176	1.348440
#Peak Valley Ratio
6.660421	0.276630

##Run 0, [-13.1, 16.9]cm top., [-8.6, 21.4]cm bot111.112230	2.392839	9.808511	1.125719	55.383939	1.537896	18.299923	1.161223	1.308475
#Covariance Matrix
5.725688	0.367973	-1.140199	-0.300410
0.367973	1.267260	-0.538949	0.273698
-1.140199	-0.538949	2.365129	-1.381176
-0.300410	0.273698	-1.381176	1.348440
#Peak Valley Ratio
6.660421	0.276630

##Run 0, [-13.1, 16.9]cm top., [-8.6, 21.4]cm bot349.358468	4.626010	33.143330	0.495037	44.158852	0.564997	34.035041	1.049962	1.420723
#Covariance Matrix
21.400018	0.079175	-1.422020	0.109014
0.079175	0.245063	-0.015329	0.013164
-1.422020	-0.015329	0.319222	-0.338011
0.109014	0.013164	-0.338011	1.102420
#Peak Valley Ratio
11.207926	0.291819

##Run 0, [-13.1, 16.9]cm top., [-8.6, 21.4]cm bot174.456639	2.298963	32.998349	0.493742	44.132004	0.557263	16.567461	0.518116	1.258489
#Covariance Matrix
5.285236	0.029708	-0.692050	0.023063
0.029708	0.243782	-0.011526	0.004984
-0.692050	-0.011526	0.310543	-0.163961
0.023063	0.004984	-0.163961	0.268444
#Peak Valley Ratio
11.471098	0.298836

##Run 0, [-13.1, 16.9]cm top., [-8.6, 21.4]cm bot174.456639	2.298963	32.998349	0.493742	44.132004	0.557263	16.567461	0.518116	1.258489
#Covariance Matrix
5.285236	0.029708	-0.692050	0.023063
0.029708	0.243782	-0.011526	0.004984
-0.692050	-0.011526	0.310543	-0.163961
0.023063	0.004984	-0.163961	0.268444
#Peak Valley Ratio
11.471098	0.298836

##Run 0, [-13.1, 16.9]cm top., [-8.6, 21.4]cm bot174.456639	2.298963	32.998349	0.493742	44.132004	0.557263	16.567461	0.518116	1.258489
#Covariance Matrix
5.285236	0.029708	-0.692050	0.023063
0.029708	0.243782	-0.011526	0.004984
-0.692050	-0.011526	0.310543	-0.163961
0.023063	0.004984	-0.163961	0.268444
#Peak Valley Ratio
11.471098	0.298836

##Run 0, [-13.1, 16.9]cm top., [-8.6, 21.4]cm bot174.456639	2.298963	32.998349	0.493742	44.132004	0.557263	16.567461	0.518116	1.258489
#Covariance Matrix
5.285236	0.029708	-0.692050	0.023063
0.029708	0.243782	-0.011526	0.004984
-0.692050	-0.011526	0.310543	-0.163961
0.023063	0.004984	-0.163961	0.268444
#Peak Valley Ratio
11.471098	0.298836

##Run 0, [-13.1, 16.9]cm top., [-8.6, 21.4]cm bot174.456639	2.298963	32.998349	0.493742	44.132004	0.557263	16.567461	0.518116	1.258489
#Covariance Matrix
5.285236	0.029708	-0.692050	0.023063
0.029708	0.243782	-0.011526	0.004984
-0.692050	-0.011526	0.310543	-0.163961
0.023063	0.004984	-0.163961	0.268444
#Peak Valley Ratio
11.471098	0.298836

##Run 0, [-13.1, 16.9]cm top., [-8.6, 21.4]cm bot174.456639	2.298963	32.998349	0.493742	44.132004	0.557263	16.567461	0.518116	1.258489
#Covariance Matrix
5.285236	0.029708	-0.692050	0.023063
0.029708	0.243782	-0.011526	0.004984
-0.692050	-0.011526	0.310543	-0.163961
0.023063	0.004984	-0.163961	0.268444
#Peak Valley Ratio
11.471098	0.298836

##Run 0, [-13.1, 16.9]cm top., [-8.6, 21.4]cm bot174.456639	2.298963	32.998349	0.493742	44.132004	0.557263	16.567461	0.518116	1.258489
#Covariance Matrix
5.285236	0.029708	-0.692050	0.023063
0.029708	0.243782	-0.011526	0.004984
-0.692050	-0.011526	0.310543	-0.163961
0.023063	0.004984	-0.163961	0.268444
#Peak Valley Ratio
11.471098	0.298836

##Run 00, [-7487.5, 7487.5]cm top., [-7487.5, 7487.5]cm bot2316.602617	8.417912	32.377416	0.137345	43.788981	0.152713	249.408038	1.978692	3.588960
#Covariance Matrix
70.861343	0.037468	-0.672585	-0.045581
0.037468	0.018864	-0.001106	0.006525
-0.672585	-0.001106	0.023321	-0.170547
-0.045581	0.006525	-0.170547	3.915223
#Peak Valley Ratio
10.247627	0.070436

##Run 0, [-13.1, 16.9]cm top., [-8.6, 21.4]cm bot174.456639	2.298963	32.998349	0.493742	44.132004	0.557263	16.567461	0.518116	1.258489
#Covariance Matrix
5.285236	0.029708	-0.692050	0.023063
0.029708	0.243782	-0.011526	0.004984
-0.692050	-0.011526	0.310543	-0.163961
0.023063	0.004984	-0.163961	0.268444
#Peak Valley Ratio
11.471098	0.298836

##Run 99, [0.0, 0.0]cm top., [0.0, 0.0]cm bot2334.482391	8.469081	-12.641661	0.137236	43.709252	0.152923	258.395529	2.014276	3.540317
#Covariance Matrix
71.725435	0.040223	-0.674152	-0.066134
0.040223	0.018834	-0.001164	0.006636
-0.674152	-0.001164	0.023385	-0.174831
-0.066134	0.006636	-0.174831	4.057308
#Peak Valley Ratio
9.997014	0.068090
