BL_10_pos3_angle0_e14_ch32={-0.130469,-0.087988,-0.164070,-0.084003,-0.508309,-0.086385,0.172347,-0.141951}
BL_11_pos3_angle0_e26_ch32={-0.106070,-0.079988,-0.143482,-0.090129,-0.466700,-0.088417,0.175076,-0.153723}
BL_12_pos3_angle0_e52_ch32={-0.114877,-0.085036,-0.153083,-0.093834,-0.467043,-0.080731,0.156482,-0.142547}
BL_13_pos2_angle0_e52_ch32={-0.120048,-0.096328,-0.124840,-0.104248,-0.485285,-0.077110,0.178334,-0.152828}
BL_14_pos4_angle0_e14_ch32={-0.126365,-0.065747,-0.136514,-0.118820,-0.478703,-0.069747,0.175803,-0.158323}
BL_15_pos4_angle0_e26_ch32={-0.146186,-0.122345,-0.200463,-0.150123,-0.507986,-0.074269,0.137102,-0.189742}
BL_16_pos4_angle0_e52_ch32={-0.239972,-0.139334,-0.333273,-0.197983,-0.663334,-0.079162,0.078656,-0.209128}
BL_18_pos5_angle0_e14_ch32={-0.196079,-0.144291,-0.337458,-0.149998,-0.752910,-0.104138,0.057654,-0.245887}
BL_19_pos5_angle0_e26_ch32={-0.326820,-0.168028,-0.708188,-0.251300,-1.619535,-0.094255,-0.003327,-0.233376}
BL_1_pos0_angle0_e26_ch32={-0.414547,-0.189995,-0.698770,-0.238492,-1.225419,-0.076721,-0.066489,-0.280372}
BL_20_pos5_angle0_e52_ch32={-0.516822,-0.157961,-0.616642,-0.268895,-8.582232,-0.100687,-0.108595,-0.286431}
BL_21_pos6_angle0_e52_ch32={-0.306318,-0.177650,-0.775613,-0.211699,-1.507918,-0.100541,-0.031647,-0.260991}
BL_22_pos6_angle0_e26_ch32={-0.371155,-0.166347,-0.515336,-0.215566,-0.819898,-0.100354,0.003234,-0.234681}
BL_23_pos6_angle0_e14_ch32={-0.177697,-0.152521,-0.318886,-0.133971,-0.638041,-0.118483,0.047461,-0.200871}
BL_24_pos7_angle0_e14_ch32={-0.211030,-0.177270,-0.331115,-0.205808,-0.663856,-0.112511,-0.009199,-0.247983}
BL_25_pos7_angle0_e26_ch32={-0.186163,-0.174297,-0.344456,-0.191857,-0.646542,-0.114494,-0.001762,-0.241593}
BL_26_pos7_angle0_e52_ch32={-0.225007,-0.188011,-0.340063,-0.202794,-0.639887,-0.130889,-0.006903,-0.254002}
BL_27_pos8_angle0_e52_ch32={-0.257650,-0.185374,-0.444409,-0.196474,-0.700897,-0.104957,-0.016818,-0.259800}
BL_28_pos8_angle0_e26_ch32={-0.413765,-0.193945,-6.037817,-0.253531,-1.765867,-0.117505,-0.098706,-0.265635}
BL_29_pos8_angle0_e14_ch32={-0.419170,-0.212039,-8.034059,-0.275359,-9.186791,-0.100734,-0.070240,-0.280534}
BL_2_pos0_angle0_e14_ch32={-0.341157,-0.173499,-0.418232,-0.177697,-0.722354,-0.069560,0.007948,-0.236758}
BL_30_pos9_angle0_e26_ch32={-0.216368,-0.184406,-0.336356,-0.179173,-0.640838,-0.109984,0.003428,-0.213668}
BL_31_pos9_angle0_e14_ch32={-0.215001,-0.185810,-0.322709,-0.204868,-0.677594,-0.112093,0.019627,-0.191768}
BL_32_pos9_angle0_e52_ch32={-0.228458,-0.185121,-0.311609,-0.181384,-0.662898,-0.103144,0.017707,-0.203230}
BL_33_pos10_angle0_e52_ch32={-0.248179,-0.183262,-0.312228,-0.201367,-0.640247,-0.110418,-0.003463,-0.188484}
BL_34_pos10_angle0_e26_ch32={-0.234427,-0.213040,-0.322528,-0.195232,-0.653163,-0.128385,-0.011912,-0.207217}
BL_35_pos10_angle0_e14_ch32={-0.233225,-0.181661,-0.309298,-0.184856,-0.663082,-0.120354,-0.028768,-0.204552}
BL_36_pos11_angle0_e14_ch32={-0.194273,-0.198924,-0.315641,-0.177313,-0.657962,-0.127314,-0.015814,-0.211333}
BL_37_pos11_angle0_e26_ch32={-0.218359,-0.183893,-0.311728,-0.182901,-0.666205,-0.113097,-0.047324,-0.209017}
BL_38_pos11_angle0_e52_ch32={-0.231496,-0.220353,-0.334088,-0.167547,-0.662073,-0.126630,0.000372,-0.207626}
BL_3_pos0_angle0_e52_ch32={-0.922468,-0.219985,-2.157127,-0.245343,-1.669549,-0.066747,-0.153453,-0.293293}
BL_4_pos1_angle0_e14_ch32={-0.176419,-0.171644,-0.234850,-0.107159,-0.560298,-0.068837,0.137611,-0.216375}
BL_5_pos1_angle0_e26_ch32={-0.242790,-0.163002,-0.335391,-0.141537,-0.659044,-0.087060,0.099866,-0.229372}
BL_6_pos1_angle0_e52_ch32={-0.383455,-0.147155,-0.609710,-0.191302,-0.851277,-0.081277,0.031819,-0.249046}
BL_47_pos2_angle30_e52_ch32={-0.052604,-0.078767,-0.191340,-0.142080,-0.485877,-0.194274,0.084962,-0.147366}
BL_48_pos3_angle30_e14_ch32={-0.015867,-0.058688,-0.131084,-0.126277,-0.467271,-0.203551,0.140061,-0.156513}
BL_49_pos3_angle30_e26_ch32={-0.067970,-0.062443,-0.143782,-0.139838,-0.475164,-0.190528,0.092548,-0.163334}
BL_50_pos3_angle30_e52_ch32={-0.137653,-0.119917,-0.279647,-0.187584,-0.611631,-0.196588,0.048973,-0.183881}
BL_51_pos4_angle30_e14_ch32={-0.118661,-0.122192,-0.192463,-0.165547,-0.518709,-0.189031,0.047059,-0.169011}
BL_52_pos4_angle30_e26_ch32={-0.202029,-0.159854,-0.478905,-0.209369,-0.693419,-0.205078,-0.019827,-0.196519}
BL_53_pos4_angle30_e52_ch32={-0.388059,-0.205907,-0.539381,-0.328297,-9.009724,-0.205906,-0.075475,-0.176510}
BL_54_pos5_angle30_e14_ch32={-0.527967,-0.196311,-7.493080,-0.323829,-2.798388,-0.183602,-0.229912,-0.283352}
BL_55_pos5_angle30_e26_ch32={-0.388408,-0.204893,-7.634542,-0.294430,-7.074966,-0.174914,-0.199096,-0.304895}
BL_56_pos5_angle30_e52_ch32={-0.358564,-0.219839,-1.594216,-0.287832,-1.696384,-0.186752,-0.175902,-0.319961}
BL_58_pos6_angle30_e14_ch32={-0.305267,-0.189169,-0.854660,-0.286046,-1.917127,-0.204246,-0.023058,-0.255300}
BL_59_pos6_angle30_e26_ch32={-3.403851,-0.197229,-7.411518,-0.303993,-6.686203,-0.191876,-0.210139,-0.290126}
BL_60_pos6_angle30_e52_ch32={-0.867343,-0.210921,-5.735241,-0.312854,-6.671245,-0.204127,-0.196579,-0.299603}
BL_61_pos7_angle30_e14_ch32={-0.520269,-0.166186,-3.647730,-0.304024,-4.836762,-0.217369,-0.093581,-0.288651}
BL_62_pos7_angle30_e26_ch32={-0.496090,-0.200496,-7.907225,-0.298455,-7.968144,-0.205098,-0.151249,-0.255370}
BL_63_pos7_angle30_e52_ch32={-0.357036,-0.200428,-0.512530,-0.321345,-1.032575,-0.218504,-0.053581,-0.287250}
BL_64_pos8_angle30_e14_ch32={-0.072284,-0.113388,-0.165959,-0.167872,-0.514214,-0.204706,0.082998,-0.228249}
BL_65_pos8_angle30_e26_ch32={-0.159638,-0.148491,-0.298211,-0.233558,-0.791477,-0.188488,0.027372,-0.258940}
BL_66_pos8_angle30_e52_ch32={-0.273809,-0.182246,-0.902456,-0.272121,-0.855516,-0.197012,-0.024294,-0.271420}
BL_68_pos12_angle30_e14_ch32={-1.051247,-1.042956,-1.236974,-1.022353,-1.577986,-1.136908,-0.825036,-1.082346}
BL_69_pos12_angle30_e26_ch32={-1.400780,-1.085166,-3.472867,-1.151311,-3.660214,-1.147733,-0.918920,-1.077032}
BL_70_pos12_angle30_e52_ch32={-1.254794,-1.113201,-12.598274,-1.197723,-11.855729,-1.173544,-1.070256,-1.149654}
BL_71_pos13_angle30_e14_ch32={-0.879183,-0.979476,-0.958793,-0.985004,-1.343121,-1.138078,-0.785766,-1.027930}
BL_72_pos13_angle30_e26_ch32={-0.941147,-1.015841,-1.012340,-1.005806,-1.451945,-1.127028,-0.809251,-1.056267}
BL_73_pos13_angle30_e52_ch32={-1.141050,-1.056091,-1.489652,-1.067965,-2.447689,-1.122451,-0.893336,-1.087319}
BL_74_pos14_angle30_e14_ch32={-0.835287,-0.971751,-0.900643,-0.968225,-1.336374,-1.131958,-0.733134,-1.025886}
BL_75_pos14_angle30_e26_ch32={-0.856925,-0.976517,-0.923332,-0.973540,-1.322572,-1.130312,-0.747620,-1.035382}
BL_76_pos14_angle30_e52_ch32={-0.807760,-0.993729,-0.908850,-0.954233,-1.315515,-1.131258,-0.735125,-1.035091}
BL_77_pos15_angle30_e14_ch32={-1.017557,-1.096654,-1.142313,-1.119959,-1.557033,-1.116176,-0.892274,-1.152078}
BL_78_pos15_angle30_e26_ch32={-1.029128,-1.102367,-1.153737,-1.124767,-1.512342,-1.119229,-0.910490,-1.134865}
BL_79_pos15_angle30_e52_ch32={-1.037403,-1.114311,-1.148468,-1.140677,-1.532156,-1.105429,-0.931194,-1.139018}
BL_80_pos16_angle30_e14_ch32={-6.915882,-1.149363,-9.043467,-1.237691,-8.830391,-1.140655,-1.156764,-1.188234}
BL_81_pos16_angle30_e26_ch32={-1.273127,-1.103731,-7.451931,-1.316404,-7.515552,-1.154330,-1.030373,-1.193748}
BL_82_pos16_angle30_e52_ch32={-1.079452,-1.093533,-1.251826,-1.179324,-1.681466,-1.143884,-0.934595,-1.166261}
BL_83_pos17_angle30_e14_ch32={-1.026599,-1.032680,-1.173965,-1.056708,-1.754588,-1.140449,-0.859058,-1.124460}
BL_84_pos17_angle30_e26_ch32={-1.478427,-1.051557,-12.670422,-1.121661,-2.851708,-1.130223,-1.006788,-1.141126}
BL_85_pos17_angle30_e52_ch32={-2.234620,-1.078751,-12.646109,-1.168057,-12.168227,-1.116694,-1.010798,-1.170596}
BL_86_pos18_angle30_e14_ch32={-1.208198,-1.090379,-8.513031,-1.132564,-5.186382,-1.120960,-0.902778,-1.152300}
BL_87_pos18_angle30_e26_ch32={-1.577849,-1.084983,-11.988471,-1.146891,-11.583128,-1.122876,-0.993981,-1.202537}
BL_88_pos18_angle30_e52_ch32={-7.399374,-1.102507,-9.338017,-1.227783,-9.850518,-1.109594,-1.078946,-1.202110}
BL_89_pos19_angle30_e14_ch32={-2.252242,-1.108362,-12.204281,-1.177213,-13.334382,-1.131235,-1.050233,-1.209717}
BL_90_pos19_angle30_e26_ch32={-7.287207,-1.112230,-10.591495,-1.352560,-10.064299,-1.124519,-1.242794,-1.251297}
BL_91_pos19_angle30_e52_ch32={-1.513986,-1.107955,-7.621665,-1.330357,-7.991496,-1.118574,-0.984441,-1.230432}
BL_331_dc_iw47={-0.207014,-0.196818,-0.372748,-0.214574,-0.649501,-0.134980,-0.071304,-0.300556}
BL_331_dc_iw48={-0.207014,-0.196818,-0.372748,-0.214574,-0.649501,-0.134980,-0.071304,-0.300556}
BL_331_dc_iw49={-0.207014,-0.196818,-0.372748,-0.214574,-0.649501,-0.134980,-0.071304,-0.300556}
BL_331_dc_iw50={-0.207014,-0.196818,-0.372748,-0.214574,-0.649501,-0.134980,-0.071304,-0.300556}
BL_331_dc_iw51={-0.207014,-0.196818,-0.372748,-0.214574,-0.649501,-0.134980,-0.071304,-0.300556}
BL_331_dc_iw52={-0.207014,-0.196818,-0.372748,-0.214574,-0.649501,-0.134980,-0.071304,-0.300556}
BL_331_dc_iw53={-0.207014,-0.196818,-0.372748,-0.214574,-0.649501,-0.134980,-0.071304,-0.300556}
BL_331_dc_iw54={-0.207014,-0.196818,-0.372748,-0.214574,-0.649501,-0.134980,-0.071304,-0.300556}
BL_331_dc_iw55={-0.207014,-0.196818,-0.372748,-0.214574,-0.649501,-0.134980,-0.071304,-0.300556}
BL_331_dc_iw56={-0.207014,-0.196818,-0.372748,-0.214574,-0.649501,-0.134980,-0.071304,-0.300556}
BL_331_dc_iw57={-0.207014,-0.196818,-0.372748,-0.214574,-0.649501,-0.134980,-0.071304,-0.300556}
BL_331_dc_iw58={-0.207014,-0.196818,-0.372748,-0.214574,-0.649501,-0.134980,-0.071304,-0.300556}
BL_331_dc_iw59={-0.207014,-0.196818,-0.372748,-0.214574,-0.649501,-0.134980,-0.071304,-0.300556}
BL_331_dc_iw60={-0.207014,-0.196818,-0.372748,-0.214574,-0.649501,-0.134980,-0.071304,-0.300556}
BL_331_dc_iw61={-0.207014,-0.196818,-0.372748,-0.214574,-0.649501,-0.134980,-0.071304,-0.300556}
BL_331_dc_iw62={-0.207014,-0.196818,-0.372748,-0.214574,-0.649501,-0.134980,-0.071304,-0.300556}
BL_331_dc_iw63={-0.207014,-0.196818,-0.372748,-0.214574,-0.649501,-0.134980,-0.071304,-0.300556}
BL_331_dc_iw64={-0.207014,-0.196818,-0.372748,-0.214574,-0.649501,-0.134980,-0.071304,-0.300556}
BL_331_dc_iw65={-0.207014,-0.196818,-0.372748,-0.214574,-0.649501,-0.134980,-0.071304,-0.300556}
BL_331_dc_iw66={-0.207014,-0.196818,-0.372748,-0.214574,-0.649501,-0.134980,-0.071304,-0.300556}
BL_331_dc_iw67={-0.207014,-0.196818,-0.372748,-0.214574,-0.649501,-0.134980,-0.071304,-0.300556}
BL_331_dc_iw68={-0.207014,-0.196818,-0.372748,-0.214574,-0.649501,-0.134980,-0.071304,-0.300556}
BL_331_dc_iw69={-0.207014,-0.196818,-0.372748,-0.214574,-0.649501,-0.134980,-0.071304,-0.300556}
BL_331_dc_iw70={-0.207014,-0.196818,-0.372748,-0.214574,-0.649501,-0.134980,-0.071304,-0.300556}
BL_331_dc_iw71={-0.207014,-0.196818,-0.372748,-0.214574,-0.649501,-0.134980,-0.071304,-0.300556}
BL_331_dc_iw72={-0.207014,-0.196818,-0.372748,-0.214574,-0.649501,-0.134980,-0.071304,-0.300556}
BL_331_dc_iw73={-0.207014,-0.196818,-0.372748,-0.214574,-0.649501,-0.134980,-0.071304,-0.300556}
BL_331_dc_iw74={-0.207014,-0.196818,-0.372748,-0.214574,-0.649501,-0.134980,-0.071304,-0.300556}
BL_331_dc_iw75={-0.207014,-0.196818,-0.372748,-0.214574,-0.649501,-0.134980,-0.071304,-0.300556}
BL_331_dc_iw76={-0.207014,-0.196818,-0.372748,-0.214574,-0.649501,-0.134980,-0.071304,-0.300556}
BL_331_dc_iw77={-0.207014,-0.196818,-0.372748,-0.214574,-0.649501,-0.134980,-0.071304,-0.300556}
BL_331_dc_iw78={-0.207014,-0.196818,-0.372748,-0.214574,-0.649501,-0.134980,-0.071304,-0.300556}
BL_331_dc_iw79={-0.207014,-0.196818,-0.372748,-0.214574,-0.649501,-0.134980,-0.071304,-0.300556}
BL_331_dc_iw80={-0.207014,-0.196818,-0.372748,-0.214574,-0.649501,-0.134980,-0.071304,-0.300556}
BL_331_dc_iw81={-0.207014,-0.196818,-0.372748,-0.214574,-0.649501,-0.134980,-0.071304,-0.300556}
BL_331_dc_iw82={-0.207014,-0.196818,-0.372748,-0.214574,-0.649501,-0.134980,-0.071304,-0.300556}
BL_331_dc_iw83={-0.207014,-0.196818,-0.372748,-0.214574,-0.649501,-0.134980,-0.071304,-0.300556}
BL_331_dc_iw84={-0.207014,-0.196818,-0.372748,-0.214574,-0.649501,-0.134980,-0.071304,-0.300556}
BL_331_dc_iw85={-0.207014,-0.196818,-0.372748,-0.214574,-0.649501,-0.134980,-0.071304,-0.300556}
BL_331_dc_iw86={-0.207014,-0.196818,-0.372748,-0.214574,-0.649501,-0.134980,-0.071304,-0.300556}
BL_331_dc_iw87={-0.207014,-0.196818,-0.372748,-0.214574,-0.649501,-0.134980,-0.071304,-0.300556}
BL_331_dc_iw88={-0.207014,-0.196818,-0.372748,-0.214574,-0.649501,-0.134980,-0.071304,-0.300556}
BL_331_dc_iw89={-0.207014,-0.196818,-0.372748,-0.214574,-0.649501,-0.134980,-0.071304,-0.300556}
BL_331_dc_iw90={-0.207014,-0.196818,-0.372748,-0.214574,-0.649501,-0.134980,-0.071304,-0.300556}
BL_331_dc_iw91={-0.207014,-0.196818,-0.372748,-0.214574,-0.649501,-0.134980,-0.071304,-0.300556}
BL_7_calib_vb58_tune8700_pcbd={-0.150958,-0.094772,-0.282758,-0.228562,-0.566251,-0.195024,0.040478,-0.144376}
BL_39_pos0_angle30_e14_ch32={-0.371078,-0.203488,-11.013278,-0.316155,-3.062047,-0.192835,-0.131847,-0.287681}
BL_40_pos0_angle30_e26_ch32={-5.075094,-0.190211,-10.184933,-0.311904,-9.861251,-0.218858,-0.151341,-0.301618}
BL_41_pos0_angle30_e52_ch32={-0.810771,-0.245088,-7.775899,-0.405852,-7.394835,-0.200122,-0.157866,-0.339648}
BL_42_pos1_angle30_e14_ch32={-0.187776,-0.123575,-0.286867,-0.185752,-0.636595,-0.173370,0.028611,-0.190871}
BL_43_pos1_angle30_e26_ch32={-0.335327,-0.155476,-0.760389,-0.244595,-0.917990,-0.178120,-0.053422,-0.222778}
BL_44_pos1_angle30_e52_ch32={-0.369135,-0.171357,-2.571102,-0.277872,-2.688833,-0.179031,-0.124739,-0.258436}
BL_45_pos2_angle30_e14_ch32={-0.114998,-0.116235,-0.237237,-0.204098,-0.540695,-0.193808,0.062023,-0.209259}
BL_46_pos2_angle30_e26_ch32={-0.083086,-0.090774,-0.226567,-0.173322,-0.519442,-0.199374,0.094657,-0.189119}
BL_45_pos2_angle30_e14_ch32={-0.114998,-0.116235,-0.237237,-0.204098,-0.540695,-0.193808,0.062023,-0.209259}
BL_46_pos2_angle30_e26_ch32={-0.083086,-0.090774,-0.226567,-0.173322,-0.519442,-0.199374,0.094657,-0.189119}
BL_47_pos2_angle30_e52_ch32={-0.052604,-0.078767,-0.191340,-0.142080,-0.485877,-0.194274,0.084962,-0.147366}
