Delta t of cfd-times for channel 13-12
1.84039
1.57076
2.98464
0.76651
2.72937
2.42384
7.91654
3.34393
7.25624
3.00848
1.14278
5.22542
1.29451
1.53052
-0.13649
2.67294
9.23444
-5.72355
3.5889
4.22648
4.33081
4.8133
4.48136
1.28856
1.80923
3.25529
5.24765
4.41493
7.39062
4.08185
7.89481
0.727486
2.29495
2.47533
-1.39352
2.70128
-2.84007
3.22845
1.29209
5.08299
1.85145
1.12878
-0.448166
1.68913
9.02751
2.48524
4.36446
2.11525
-4.38652
2.39525
0.729858
6.66205
-0.527458
0.0847092
7.7797
9.8429
3.73978
3.12901
4.52622
-0.709167
2.16891
4.45442
2.6106
2.24732
5.86983
1.22559
2.69608
5.09189
1.07378
0.692574
0.952049
3.81295
1.09744
3.14964
5.14069
0.829826
3.68011
5.37835
2.4706
1.77986
4.20298
1.41267
6.05861
3.12559
5.34056
0.316307
1.39337
2.26559
1.6347
-3.0351
2.09008
-0.698547
5.97644
3.99047
3.97533
4.72472
-2.37689
2.11017
0.402512
2.26711
1.79708
2.24806
6.38374
0.855759
0.195755
6.5728
0.519615
4.37238
3.51968
5.44319
0.492493
7.54564
5.26945
2.12168
0.399559
3.3862
7.55118
1.98418
2.68394
8.52473
-2.37975
2.26556
6.15798
3.64715
1.30577
2.00645
0.982384
1.83315
4.4894
5.4353
12.1577
1.71953
1.94763
0.254974
-2.89649
5.75488
0.435486
3.07863
2.86981
6.07743
1.38866
2.59364
1.35404
1.62133
3.72965
-7.39204
4.17588
2.40847
-8.34266
7.01337
1.64014
2.9835
4.69576
-8.12406
2.8846
2.3569
-0.119659
1.96178
6.85352
1.48031
3.45032
6.95895
-2.64986
-0.132858
4.15162
3.1413
5.7026
4.16654
2.98105
2.37865
1.09261
3.90623
2.58708
2.59285
3.58744
4.57629
2.40063
5.99628
3.46999
4.03165
6.39196
2.1591
2.79868
6.3382
2.75684
4.2205
1.988
2.82854
5.40628
-0.842957
1.76515
2.36765
3.61241
2.84783
5.39628
2.10944
7.75478
7.03358
4.9198
4.64637
1.49435
0.0774155
0.543442
0.19043
6.35026
3.87865
4.29507
5.68491
8.37683
1.41045
-3.05083
4.09268
0.93898
2.64019
1.66667
1.08926
-0.112373
2.02237
5.00102
4.30031
4.04463
1.76552
2.79092
1.14383
1.29631
-0.701492
0.934219
2.72366
1.24669
-6.34837
0.868767
-2.48433
4.40414
1.23354
8.31908
1.35671
-5.24765
-1.95561
2.66678
3.33236
4.92343
3.04593
7.09312
2.3931
2.74518
-1.05576
4.4185
-0.84745
0.772369
3.84077
2.1902
3.20602
6.53255
5.68247
3.07743
3.33653
5.98893
2.57594
4.1136
7.07687
-2.33395
2.43008
2.42435
7.90308
2.57387
2.90044
-0.544205
3.39314
2.48271
-2.7134
6.43087
0.636696
10.2581
6.8828
7.04651
4.07199
4.71742
5.28619
3.37614
3.07633
4.79118
2.87851
2.07207
0.834595
4.48345
2.42368
2.91492
-1.84998
1.32283
8.56032
2.85088
-0.125153
3.81224
3.91228
7.00966
2.12106
2.27315
2.8597
2.44864
4.94059
7.92644
2.55677
6.4228
2.3979
-1.42949
0.357376
1.18018
4.32391
2.02592
4.7811
6.73152
4.17358
0.447739
1.28679
0.640099
-0.138885
2.00626
6.79304
3.77118
3.32914
3.63712
3.66673
2.42503
1.99044
2.28881
4.3662
1.44455
4.27915
3.35945
5.09998
3.16597
2.61447
2.66812
2.2178
4.55557
-0.0678558
0.746994
-0.168716
1.0825
6.68539
-1.58604
8.72654
7.3721
3.75031
1.34895
1.45423
1.30788
2.76532
2.45827
4.96554
0.450577
1.79555
-0.425995
5.59765
-0.756912
0.508369
2.78903
1.34429
3.90625
5.86665
-0.288757
5.65106
3.76133
2.93013
4.21799
-0.0352783
7.83819
6.64704
0.557549
3.04115
0.195831
0.149246
-0.0712814
-0.282059
6.28093
2.17106
3.17034
5.74963
3.31796
9.11548
-2.1248
3.43845
2.62889
5.19025
1.46834
2.65669
4.59781
4.66714
3.28694
8.71507
2.15799
1.94422
1.8103
0.948944
0.997345
0.0125885
1.70419
1.39012
1.86431
1.91359
4.55556
1.54774
5.01198
-0.47583
0.189857
2.65536
3.28586
0.447327
2.2876
-0.142113
5.21677
-0.101295
2.11479
0.863625
3.38587
-3.0567
3.69341
-0.980988
7.33531
5.71002
2.10944
2.06036
1.83801
2.81246
3.80487
2.99644
-0.167969
7.26242
6.01684
2.80741
0.886444
2.61085
2.5668
0.860634
9.87578
3.26617
0.577606
-9.77432
4.4491
2.39263
5.89678
0.0935974
10.3759
7.12054
-0.93364
8.19937
5.33769
2.84981
2.36995
0.894165
1.97527
4.62355
3.35139
-1.48187
0.868881
1.14237
0.462921
1.98905
5.84645
1.56234
0.803986
2.81421
5.44734
2.79578
12.5746
3.2575
9.49297
0.384979
-5.39943
3.12028
3.91836
3.32509
0.411377
3.72647
5.6852
4.26999
-4.41964
2.42918
5.06351
3.43003
2.49606
3.51694
2.03902
2.25035
1.48926
2.57269
-0.319412
1.54091
-7.76682
5.02052
2.46527
4.3465
-2.90271
4.61162
4.66303
1.02733
5.02834
2.46873
0.856529
1.24083
5.89359
2.29355
2.71931
6.35286
4.09548
0.601059
2.46988
7.31348
4.73962
2.13229
4.93592
-4.38078
0.266113
0.989914
8.16225
4.84149
1.88396
7.19894
3.33358
5.93029
1.82361
2.00423
6.18601
0.925949
5.31822
2.73563
0.66571
7.26817
-5.18541
3.62508
7.44774
2.09049
1.17563
3.74545
2.28286
2.87894
0.95546
-2.10599
-0.704109
3.85829
2.66489
4.5043
1.35574
5.90804
1.31544
3.06961
2.47263
7.18354
1.48087
0.283791
2.30362
4.54318
2.8959
3.71155
2.20178
9.0114
-3.28373
3.24513
9.99262
2.54016
5.81731
2.30019
4.27036
4.19245
5.21851
1.48923
-0.00306702
4.76756
1.27201
2.41836
5.22981
2.60256
3.47864
-1.29756
1.87402
3.53452
-0.144196
1.16156
-1.02398
8.02415
3.40267
1.48595
0.740074
0.947235
5.7093
4.63097
7.00179
3.50369
3.30796
5.55229
1.85008
3.61602
0.949783
3.3576
13.3998
1.65258
1.62871
-0.717934
2.13228
4.31213
4.00379
-0.187897
0.658272
-2.55428
4.28716
0.340195
2.72459
-7.69708
-0.0333405
3.00047
3.17866
9.3104
3.54945
0.9161
-1.40081
1.19772
8.23183
3.55685
7.32391
5.69126
5.937
4.3001
9.0758
8.43025
1.32017
4.1146
5.1821
4.42772
3.9884
2.0767
6.29181
2.71742
-0.714615
7.07823
2.11578
3.48412
4.91864
2.80174
2.49801
0.985252
-1.38697
4.86986
2.08331
3.15782
3.69291
4.47934
4.27791
1.7495
2.27185
8.36874
2.19208
-5.56924
1.27192
2.01914
2.72249
0.598763
5.23711
4.7496
1.57819
2.99927
2.58499
2.34499
10.6051
7.31783
2.30412
4.91771
3.19831
6.72446
0.0174255
6.54363
6.34343
10.5119
2.94257
0.225052
5.1379
5.85237
6.16153
0.172318
3.51179
0.153366
1.92509
4.13363
3.56952
6.54086
0.761116
1.71526
6.2239
6.82181
8.33929
-3.19589
4.34634
1.49422
5.64899
3.89325
3.95098
2.81631
1.19294
3.78633
3.40871
4.86871
-1.34371
2.91986
2.44858
4.69114
4.74652
5.23824
4.29466
2.75681
2.26296
1.82295
0.63707
2.95734
5.93819
2.32147
5.33973
0.974426
0.966278
3.82562
1.33925
2.85856
5.94423
5.0329
2.98983
3.57753
-0.711067
7.41463
1.88526
3.82516
3.48567
3.99003
4.01894
5.19083
5.52745
5.86163
1.65169
10.0525
3.47592
2.71045
1.88084
2.12158
4.01238
5.94861
2.35672
6.26392
3.75201
4.08247
3.20287
0.962372
2.06769
1.76155
2.82083
1.22363
4.75557
4.4708
3.4174
-1.34422
1.07817
3.47801
7.87125
1.5751
1.39927
3.67881
2.00411
-1.50149
4.00874
5.7655
0.539291
0.813034
6.93066
4.36893
