Delta t of cfd-times for channel 13-12
2.50829
1.56393
4.07516
0.012146
2.51895
0.101509
0.899986
-0.391724
0.293945
-0.728706
-1.32808
5.2086
0.028511
0.85836
2.78212
3.00047
2.32571
1.4102
1.41593
2.52361
11.2839
1.84937
0.594368
5.56705
2.04237
-1.9352
1.59043
0.187515
2.00347
1.6963
2.24461
1.45808
-0.194809
-0.635651
5.05801
3.77401
-0.120514
2.92498
-1.15941
-2.19061
1.61273
-0.219734
1.57578
1.28949
4.77149
0.636803
-2.2534
0.0876007
-1.04336
-0.777039
-0.976166
-0.82814
1.49364
-0.608589
0.992126
0.600975
-0.310196
-2.30917
0.796814
-1.96716
1.83576
-0.543678
-2.91611
2.31421
0.806656
0.701683
2.39148
0.979836
0.0534821
1.43267
0.266876
-2.93573
0.0519714
-0.807442
1.06044
-0.266647
0.764244
-0.566483
-0.622177
0.108932
2.08033
0.508011
-2.96176
-0.613708
-1.0568
0.738899
-0.75898
0.981949
-0.0656281
-1.20992
-2.34787
-2.2533
-0.211128
-1.2659
1.26215
0.484879
-0.236488
1.69762
1.32686
1.85713
0.0128708
-2.47292
0.354103
2.44149
-1.60378
-4.96539
-0.576431
1.47779
-0.38662
1.24431
-1.19068
1.17928
12.4193
0.974464
0.575417
1.28762
0.0349579
2.60799
0.471939
-0.420273
7.07182
2.34074
2.86301
-0.27211
4.05296
0.118576
0.361038
-0.453712
3.65865
-1.17249
-3.46075
0.335907
2.88922
-0.314613
0.999466
4.16494
-1.39471
1.03399
-0.408081
0.627419
-2.86517
-1.39397
0.773743
2.13441
0.343552
1.24635
0.610947
1.63878
6.94131
-1.49534
4.13451
-0.780228
-1.26642
1.07422
1.83443
3.14806
3.38551
1.0735
0.433746
3.01629
-1.47892
-0.264565
3.16207
0.239426
-0.0933075
-1.31297
0.673225
-0.376511
0.243576
0.417709
-0.858437
-4.02939
-0.49852
-1.68555
-0.933098
-1.89604
-1.43941
-4.47481
4.48024
1.66644
0.458977
0.315437
1.85728
3.65015
-0.672417
0.0780869
1.50329
6.12845
2.70119
-0.947052
-0.236374
0.0839767
1.57755
-0.623962
0.985474
-1.16016
-1.21258
2.04185
-0.124023
3.0405
4.62546
3.15536
0.955536
0.0558472
0.538658
0.0125275
0.0727768
0.815269
2.8515
4.90436
4.2672
-0.545448
-0.447525
0.705917
-1.00924
-0.678177
-0.938187
0.303017
1.10714
0.684372
-2.69352
-0.27652
-3.18421
0.727028
2.3055
-0.159149
-0.119598
-2.59628
0.738106
1.35591
1.77505
0.599152
3.8804
4.03743
-0.951447
1.39835
1.45791
2.05643
-7.86894
-0.863411
-0.881882
0.192917
0.0882111
1.08888
0.00681305
-3.14267
2.98586
0.353889
1.50897
0.994659
-0.723129
0.242615
6.30669
0.924667
-0.409767
-4.29381
-0.490952
-0.0791016
1.85751
0.26046
-1.12996
-0.655792
1.61221
1.60867
1.82347
1.84835
-1.45432
2.19188
2.06671
1.28756
-2.24323
0.598785
0.924103
-0.333549
2.54193
2.64595
0.124878
-1.26853
1.43713
-1.20292
0.800827
1.95039
-0.517906
-0.517281
0.0484161
0.656609
1.3413
-1.13015
0.778862
0.207596
-0.815002
-0.000732422
-0.181412
0.166756
0.982361
-2.29289
2.19394
1.32942
2.70376
1.46466
1.44092
-1.02855
1.37537
6.39432
5.35903
1.57893
-0.0398026
-1.7383
-10.8232
-0.871323
0.598251
0.258636
3.7254
2.07305
-1.76216
1.34686
0.882401
-0.962227
0.618996
0.185837
0.209
1.39859
-1.33944
-0.9674
-1.9538
0.361115
1.79044
3.74754
0.472649
0.0333099
-1.55927
0.485825
1.06265
-2.61739
-0.0995865
-0.115067
-0.218063
-2.2777
3.63117
0.423325
-1.01041
-1.40996
-2.01556
1.49597
-2.36772
3.93964
2.53062
-2.47266
1.87863
0.847015
-0.000320435
-4.82851
0.20105
-0.616661
2.72934
-1.31339
-1.85004
0.603821
1.30042
-4.22239
-1.12884
1.92794
-0.393303
0.695541
0.91066
0.840454
6.12574
0.464325
3.20227
-8.6837
-0.0857697
1.87782
1.09335
-0.0901566
4.33698
0.991272
1.62173
2.82917
1.67728
-4.28717
0.770264
2.23835
2.62727
0.914658
-1.15825
1.30409
0.846939
3.50407
0.0253372
0.0343323
1.6182
-1.5099
-0.312691
7.19027
1.66721
3.19295
1.56332
6.80374
2.88943
1.51472
1.32847
-0.200081
-0.225098
-1.31024
1.28957
-0.419167
1.29438
-1.41319
2.44781
0.643364
-1.33645
0.712158
2.92158
-1.13224
4.30788
0.567535
0.106689
-3.57166
1.74873
-0.200119
-0.0251694
-1.18427
-1.57371
-0.267723
0.891754
2.72722
0.16291
1.22807
0.728989
0.618736
-0.140968
1.26457
-1.1262
1.08621
0.187302
2.54657
2.25027
2.40124
-0.742172
-0.28968
0.301544
5.04177
-2.93431
0.284218
-0.789635
0.00619507
0.349579
-0.176178
4.78207
2.31486
3.53694
0.509796
3.03162
2.00279
3.07011
2.71301
-0.0904312
-0.545456
0.612343
2.33891
1.77705
0.355179
0.826324
-1.89812
0.184898
8.09281
-0.255646
-2.61181
-1.41597
-0.359909
-0.208153
0.552223
1.22797
4.65852
-0.7379
1.45854
1.92732
1.95219
-2.49441
-2.84339
-0.475212
-3.75881
2.11837
5.6954
-3.15999
0.256363
