Delta t of cfd-times for channel 13-12
2.29889
1.55334
3.7723
0.205231
2.4158
0.284111
0.753395
-0.667679
0.67543
-0.921921
-0.90242
4.9443
0.258904
1.1259
3.01713
2.77631
2.56529
1.35106
2.65808
2.86803
1.34473
0.651154
5.27142
2.77543
-1.91406
1.72777
0.530739
1.453
1.3083
2.5559
1.6056
-0.65152
-0.720703
5.25889
3.72827
0.586868
2.94659
-0.872002
-2.27756
1.62216
-0.354759
1.97001
1.10898
1.05325
0.892517
-2.18666
0.0304108
-2.45025
-0.698868
-1.35475
-0.621048
1.2227
-0.532333
0.937004
0.365334
-0.449249
-2.16692
0.828186
0.683289
-2.80782
1.90584
-0.746902
-2.84961
2.9071
0.753952
0.569817
2.69547
0.518608
-0.288033
-1.04955
1.43782
0.148132
-2.9688
0.00109863
-1.01333
1.46576
0.442329
0.213234
2.10822
-1.06863
0.00901031
1.86243
1.01294
-3.02632
-0.99498
3.69762
1.6817
-0.597549
0.915344
-0.688591
-1.08244
-2.38721
-2.29715
-0.427254
-1.09723
0.404449
0.327599
0.0593567
1.59669
1.47736
1.15125
-0.116997
-2.60519
0.374176
2.40287
-1.52744
1.98868
-0.739258
1.521
-0.445938
1.0022
-1.26846
1.07521
1.36537
0.191376
0.618523
1.21627
0.113174
2.13541
0.370132
-0.542114
6.93832
2.123
2.93395
-0.118774
3.72134
0.264053
0.334435
-0.643875
3.53892
-1.1419
-3.58917
0.415634
2.96114
-0.925163
-0.535187
4.23466
-1.39694
1.21041
-0.354027
0.460922
-2.87621
-1.504
0.881393
2.24229
0.409012
1.22562
0.588371
1.65877
-0.493423
-1.30949
3.78198
-0.428635
-1.16328
0.873474
1.48914
2.91921
3.1561
1.27626
0.491989
2.80664
-1.28499
4.82922
2.8459
-0.0318146
-0.680946
0.777977
-0.529907
0.299698
0.316277
-0.61731
-3.47482
-0.464981
-1.54652
-0.867706
1.70097
-2.06174
-1.33176
-4.38082
4.6468
1.65819
0.59967
0.361984
1.70309
3.4618
-0.575401
0.0438538
1.49524
5.93637
2.63336
-1.24332
-0.203552
-0.201698
1.42476
-0.408035
0.995186
-0.990105
0.020256
1.56485
-0.0146484
2.78288
4.16246
2.99533
0.83168
0.106712
0.605331
-0.176811
-0.103043
0.359047
4.48585
4.09787
-6.9101
-0.359756
-0.401031
0.697037
-0.256065
-0.655746
-0.918655
0.231186
1.44789
0.564636
-2.9212
-0.0806885
-2.93485
-2.29627
0.350479
2.39949
0.182388
-0.150253
-1.40356
0.454742
1.24622
1.48381
0.324875
3.91975
3.83812
-0.867752
1.4606
1.32877
2.37031
-0.24968
-0.727188
-0.971588
0.362175
0.0453644
1.06117
-0.0648804
-3.19678
3.03982
0.352478
1.28461
1.3586
-0.657089
0.184914
1.16526
4.83279
1.22014
-1.8409
-2.71037
-0.3946
0.424995
2.48003
0.133659
-1.09695
-0.714897
1.5957
1.62734
1.69452
1.89047
-1.03445
1.88654
2.21667
1.10006
2.83366
3.72546
1.00381
-0.27021
2.25552
2.17716
0.139572
0.144714
1.41672
-0.888542
1.25111
1.24794
-0.501633
-0.239662
-0.10334
0.665764
1.4548
-1.04356
-0.474808
0.824684
-0.164597
-0.268417
0.031723
-0.184448
0.148842
1.97284
1.62407
1.07896
3.13103
0.958244
1.11218
0.974487
-0.665337
1.90964
6.38165
5.23067
1.43733
-0.512794
-1.94612
-0.0746765
-0.985817
0.887024
3.68231
1.77376
-1.74954
1.20005
1.09596
-0.136032
0.466202
0.36174
0.199875
1.56245
-2.07558
-0.990623
-1.79124
0.389862
1.28867
5.95609
0.669403
0.0930176
-1.14861
0.509232
1.36322
-2.65274
-0.539452
-0.496407
0.0217514
-1.65413
3.98971
0.677841
-0.642639
-1.91156
-2.38361
1.86363
-2.18196
3.69209
2.69068
-1.7658
1.71163
0.960831
-0.229843
-5.69341
-0.087677
-0.511978
2.09573
-3.07416
-1.87401
0.594223
1.47592
-4.07376
-0.930107
4.26105
-2.25677
0.689728
4.17895
0.697601
6.15939
0.169197
3.4843
0.705978
0.0868912
-0.180687
1.11497
0.436577
4.45435
1.97298
1.37427
1.12344
2.80496
0.612602
-4.26376
0.751068
1.92139
0.542191
7.68993
0.788147
-1.01329
1.52049
0.866547
3.38496
0.138062
0.118866
0.655891
-1.29883
0.273857
7.07029
2.16787
2.91164
2.11598
6.66247
3.14619
1.72822
1.79474
-0.116478
2.93571
-0.64756
-1.34068
1.30701
-0.540222
0.926659
-1.44803
2.40798
0.740005
-1.37459
0.757309
2.05525
-0.719795
4.21237
0.701775
-0.0206375
-3.42435
1.88466
-0.103874
0.75544
-1.58881
1.48688
1.74678
-0.318237
0.706062
2.8728
2.89774
1.65908
0.792847
0.572853
0.75943
-1.25688
2.34075
-0.062561
3.01955
-1.68099
2.63062
-0.494926
0.298721
4.75156
-2.89404
0.135048
0.145187
-0.902786
0.0250244
0.414963
-0.743103
-1.74773
2.00963
3.54052
0.716171
3.63699
1.94926
2.9199
2.51746
-0.0662384
-0.626038
0.798828
1.95052
1.10632
0.0170364
0.819427
-2.00615
-0.0764008
7.8821
-0.402313
-1.88399
-1.7649
-0.140427
-0.174438
0.770515
1.18832
-6.65751
-0.783356
1.53581
1.89084
1.49342
-2.70145
-2.85643
-0.562599
-3.77439
2.27737
5.45309
-2.71474
0.327103
