Delta t of cfd-times for channel 11-10
0.805054
-3.80833
-0.504944
2.04196
4.9608
1.65932
4.38492
5.0321
2.76286
2.01463
0.565788
1.51691
1.48427
0.873055
0.333412
0.807327
3.51141
-0.134529
3.16778
3.76454
1.98843
3.73471
4.38902
3.18073
2.35558
2.44859
-0.0959091
1.89334
3.05895
1.12868
4.07523
1.163
1.61758
1.13203
2.93144
1.34664
2.99448
3.99193
1.66624
2.33462
1.56367
3.18599
0.399971
-0.180031
4.06178
6.68618
1.1566
2.43229
0.940575
2.98219
-0.151398
3.23114
0.212509
3.02209
2.28568
-0.0686188
2.1861
3.19711
2.49725
-0.106018
2.36162
2.02012
1.51727
0.435699
7.97949
0.70549
4.26677
3.15528
0.490349
5.63425
1.19223
4.04011
2.78059
5.31741
2.81692
3.28204
9.59315
1.62077
0.236099
6.02709
6.36691
2.49302
2.57982
3.09805
-5.63676
3.64492
-0.344749
-0.828247
3.36002
0.640472
3.09882
-1.99638
2.20801
-0.482353
3.08977
4.25745
2.30556
3.68452
1.2173
3.26075
3.08307
2.97324
5.58516
2.14569
5.54595
1.37998
-1.63078
2.40973
2.14674
2.85156
-0.358032
1.90396
-2.03638
2.75491
3.51178
2.91309
0.773468
3.15704
2.74946
1.98319
0.743286
2.43636
1.91673
2.01459
1.36726
3.24778
1.86685
5.00615
2.11802
2.28734
2.37367
2.63116
5.9298
-1.04288
4.00369
2.18232
4.21059
-0.73822
2.75042
4.55341
0.232872
1.69632
-0.621948
2.71785
4.09866
2.39667
4.1804
1.79747
4.2271
0.950363
4.2677
2.98289
3.48352
4.642
2.10039
-0.591125
1.18746
3.23056
1.81564
-1.77069
3.86636
2.94489
-1.07899
0.293198
4.19861
-0.191498
1.76865
3.10146
2.23085
3.50146
-0.981995
3.79334
2.30512
3.2095
1.13539
5.84745
4.75021
1.40175
3.90711
5.28223
3.31827
3.00986
1.80347
4.00632
3.36883
1.4736
5.17026
1.3007
3.16743
2.42989
0.160995
0.00536346
1.28156
2.85999
1.6393
1.97131
5.35983
2.06184
2.39837
0.28466
4.05353
4.06558
2.1954
2.50537
3.46526
2.84526
0.170853
2.24195
2.59335
1.53057
1.94305
1.33667
1.96576
2.83047
4.3713
2.77864
1.18417
2.00864
4.26385
0.21389
7.05198
6.58282
-1.58225
-0.853302
3.01041
-7.32576
1.13548
2.57723
2.00578
4.01665
2.62605
-1.25255
1.80386
2.15324
4.6432
8.08959
4.08274
1.79541
4.99799
5.76369
4.51141
2.96185
4.90379
4.09535
-0.0714035
-0.33078
4.35358
0.991882
2.09779
2.71088
2.43922
1.42149
1.35947
2.5761
4.51885
1.02594
0.253677
2.31895
1.01601
-0.214561
3.78323
1.21285
1.53607
-1.37797
3.5816
3.362
3.44424
1.50732
1.81724
1.15251
5.00468
3.38542
3.84219
2.52049
4.69785
3.76852
3.243
1.08837
5.16564
1.00378
7.74921
2.92503
-0.636711
5.96176
3.00687
0.906181
4.43743
-0.360252
3.54431
2.05305
-0.23381
4.25445
2.26994
3.66554
4.03018
3.66757
3.30153
3.33218
1.3177
3.69354
3.26005
1.67691
2.85892
0.621849
0.0314331
3.72563
3.80718
4.89632
5.19845
2.73019
0.731163
2.36233
2.47414
2.37066
0.564209
-0.107498
2.54132
2.98396
2.72979
2.94413
3.59198
0.769829
2.89393
2.95785
2.24593
3.55496
-0.224899
1.81481
3.22092
5.67492
2.4903
7.11168
-0.810165
0.818024
-1.64993
-3.19765
4.59219
1.66486
1.626
3.40277
6.04481
3.57124
2.62905
3.62609
0.382812
3.8856
0.511795
1.55782
3.02728
-2.96912
1.45988
3.14314
0.55938
7.85518
1.10599
1.8648
1.3646
3.25564
2.56283
5.765
3.40172
2.5854
0.162849
-0.355759
1.94627
1.21791
4.47874
1.1686
1.45294
5.60646
2.18173
0.0547867
3.02993
-1.10153
2.93686
1.5051
1.02129
4.50802
4.48393
5.45093
0.667557
1.7012
2.75156
2.07561
2.12464
2.40289
3.2594
2.75477
3.7581
-0.0761414
-1.01936
3.25813
-1.07454
3.29816
2.85767
0.0426559
2.02264
1.26311
2.34706
-1.8122
-0.194611
1.41035
6.14359
-0.06633
4.10082
1.51077
0.148102
0.655876
0.302444
2.9907
5.53487
2.42274
1.68152
2.78625
3.31141
3.6411
2.6703
-0.318207
3.09245
3.72832
3.63091
2.52313
1.09936
1.26115
0.739113
2.96709
3.01661
3.44672
5.61932
-0.0108109
3.45667
0.204117
0.190369
1.09449
3.0523
3.22273
3.33685
6.52342
4.16971
-0.113983
2.49229
-2.83673
1.61769
0.43187
0.540886
4.30965
2.29274
1.61046
3.7563
3.87668
2.58224
1.73959
3.37378
-0.224342
-0.918472
1.28471
3.40556
-3.45337
4.64979
2.85626
2.58472
1.64933
4.06567
2.94409
1.57431
1.99324
4.09666
-0.0153961
2.19569
1.66816
2.34252
0.79763
2.09572
1.76468
7.24231
3.77853
0.77018
0.755646
4.84823
0.371735
2.73078
-0.756027
1.46433
2.33574
2.75303
0.294006
-0.430893
2.16708
2.26894
3.0762
-1.79913
5.22761
4.47533
3.22088
2.52348
-7.0149
3.66046
4.05178
2.21823
1.99042
5.69692
1.88072
3.79248
1.29595
1.90202
3.74985
2.1034
0.88327
3.36153
2.1462
0.405426
1.67093
1.03805
0.911705
3.11155
1.73946
3.40099
2.5181
0.974251
4.246
1.56666
2.702
4.9203
2.07465
4.5401
1.64275
2.46806
2.87199
2.533
4.04081
0.106682
3.03453
2.42149
1.98367
4.56342
0.844406
2.4106
2.16227
2.17358
3.45645
3.38259
1.58938
2.14233
5.40156
3.54336
1.11513
3.52405
3.76346
2.23984
2.46785
3.38247
3.42159
2.64782
3.5826
2.91383
1.98059
0.741531
2.11137
5.89175
4.0644
2.93875
1.55414
2.95281
3.15706
1.02058
0.000869751
1.46104
0.372681
4.03405
2.49261
3.11287
0.872536
5.47537
-1.28926
0.443237
4.02006
1.3439
1.74936
-0.667694
5.1734
2.98609
1.38712
0.401436
4.26668
2.28531
4.42791
3.96889
1.16162
2.32579
-0.879921
3.49203
3.53915
4.44291
0.900871
0.656563
1.82375
4.99103
4.44299
-2.46063
2.42303
3.87712
-1.688
2.74372
0.947906
0.327522
3.46098
1.71857
2.16825
2.53299
2.37164
0.392586
4.34122
5.85858
5.93573
2.24373
4.14529
0.466995
2.06895
3.338
3.93546
3.80484
0.31591
1.97364
2.60518
0.63253
2.1935
1.01651
6.8535
1.27724
0.217422
2.6348
3.27966
1.07027
-0.291008
2.54708
2.57684
4.86035
-3.12843
2.80595
3.16787
-0.0983429
1.57217
1.15498
1.71593
2.09064
5.32647
2.01833
1.42723
0.461388
2.91122
0.360069
4.3471
2.40125
2.32607
2.28362
0.165924
1.75825
2.49417
3.32705
3.55417
2.37112
3.18645
3.46019
3.63224
-1.40634
2.59674
2.57497
4.41019
1.64823
4.3497
0.654617
2.48676
2.17213
1.62704
3.98662
4.04394
5.64693
-0.862427
4.08533
1.76668
2.35881
5.26225
1.25752
3.72348
4.01625
5.44363
-0.182259
4.11255
2.72263
-1.36942
4.50304
2.64799
6.24996
0.908905
4.14777
1.03796
2.84941
0.547043
1.60939
0.9151
2.99973
1.58194
2.62598
3.65682
5.28252
3.17265
1.47351
1.42107
2.36377
3.90939
-1.04057
4.8934
5.12651
1.13605
3.05811
-1.45771
2.70934
2.17257
-0.296082
-0.964706
-7.15955
2.90833
2.47798
0.652718
3.1296
0.358406
-0.264397
2.71422
0.628708
3.3546
0.731705
0.244446
2.70437
2.76006
0.92231
3.18518
2.87382
0.0794449
2.39696
1.03342
2.6174
1.94666
1.71453
2.18434
1.72404
3.53513
1.44582
2.14255
0.0881042
1.14713
4.78892
4.51976
-5.0528
4.21671
0.840652
-1.64428
1.3089
4.02599
2.9268
6.71233
1.70725
3.87312
3.93958
-1.85297
5.30332
1.19233
1.98232
3.12372
1.8071
4.36575
