Delta t of cfd-times for channel 13-12
-1.11053
-1.08186
-6.10463
-5.24844
-6.67252
-0.968361
-3.45567
-2.74455
-5.79613
-3.04803
-3.69931
-0.898582
-3.84991
-6.25698
-3.56664
-2.54449
0.385376
0.300468
-2.09195
-2.44524
-0.774681
-2.38969
-5.38938
-2.78046
-5.40791
-1.7808
-0.23941
0.719772
6.55716
-2.63104
-3.42001
-2.5344
-1.53525
-1.14542
-1.73429
-3.86851
-3.6804
-4.13988
-1.81266
-3.07381
-0.764893
-2.12441
-5.11117
-2.71874
-2.23319
-1.08769
-1.80766
-4.36417
-1.55386
-1.807
-3.69736
-0.407722
-3.48833
-3.3342
-5.14536
-2.70462
-6.17678
-0.404465
-1.4606
2.03207
0.443886
0.15686
1.16895
-3.33036
-2.91512
6.89761
0.783455
-3.92274
-1.95093
-0.436569
-3.07804
-1.35754
0.0917282
-1.44186
-7.164
-2.13881
2.15285
1.22556
4.19922
-3.81587
-1.03516
1.02734
-2.26331
-1.78227
-2.52444
-5.23308
-4.22665
-1.75219
-7.79434
-1.09134
0.00572205
-4.43901
9.35087
-9.28055
-4.10635
2.61237
-7.8623
-2.93719
8.0581
-1.53817
-2.38187
3.88001
1.11859
-2.5134
-2.61319
-3.51601
-3.62865
1.5466
-1.48367
-1.16385
-2.87645
1.01262
-3.05143
-1.20491
0.00257111
-1.15031
-2.53275
-1.59534
-3.92271
-0.305817
-1.73095
-1.28806
-1.64597
-2.66523
0.101334
-0.736519
-1.41171
-1.06706
-0.853745
-0.843933
-0.857796
0.970757
-4.63022
0.978294
0.149902
-4.23154
-1.95858
-2.705
-2.98444
-4.38711
-6.76003
-3.16738
-1.81581
-6.01173
0.432663
0.884483
-1.8315
-1.45592
-0.785316
0.924995
-0.833344
-3.95128
-3.58781
-3.80532
-1.27755
-3.03584
-3.98384
-2.48002
7.8862
-1.71832
-0.699959
-2.8196
-3.75204
-2.48868
-7.3
-3.12674
-3.12836
6.5341
-2.99493
-4.98761
-0.426033
-2.81402
-2.04806
0.0254593
-0.0904694
-2.58398
-1.16122
1.59332
-2.41637
-2.3244
3.13056
-2.48764
-0.865898
-0.198593
0.152863
-3.73069
0.0443726
-3.10175
0.185486
-3.06644
-1.50223
-0.789154
-5.40474
0.852966
-2.79652
8.34579
-6.17506
-3.24794
-2.75099
-3.07561
-2.04681
-4.54033
4.85542
-1.86333
4.09872
-0.601883
-2.03028
-5.41615
-1.99123
-1.03336
-1.57579
-2.58915
-1.81559
-2.97079
-1.2069
-1.00153
-1.03516
-0.310928
-1.28368
-3.22561
-1.76875
-2.80918
3.52136
0.389465
-3.44907
-3.0762
-1.53704
-6.66441
1.79436
-3.29341
-0.805489
-2.47664
-2.01419
-3.6053
-1.74924
-0.0189133
-1.18195
-4.00618
-0.813492
0.503784
-2.54256
-2.31253
-3.48863
-3.58827
-2.09776
-6.88452
0.489517
-1.43326
-0.94706
0.180511
5.34653
-1.14049
1.65048
-0.174545
-1.55708
-3.36073
-0.491653
0.728233
-4.47781
-0.781563
-4.25108
-2.49228
-1.46127
-1.17815
0.565094
-1.63591
4.51853
-2.71642
4.43758
-4.74839
-3.8586
-3.08299
-1.29622
-3.50632
-7.4554
-1.74424
-0.989548
