Delta t of cfd-times for channel 11-10
2.33629
0.362213
0.579147
-0.851295
2.73512
3.17632
-1.0832
0.739594
-0.378601
0.956902
0.704971
0.0922012
0.217529
-0.950966
-2.85558
2.28604
2.32083
-0.456184
0.496994
0.626648
-0.0377426
-1.16634
1.20101
1.09151
-1.22904
-0.876595
1.1528
-0.993362
1.35544
3.08677
-1.40395
-0.373344
0.497787
1.03451
0.469635
0.9179
0.0878143
-0.670403
1.15232
-0.229019
-0.327545
2.22144
0.641136
-2.39549
0.239059
-1.13802
-0.298149
4.6916
1.18601
1.22041
-2.57273
1.67079
-0.971901
-0.490074
-2.14105
-2.43776
-0.300217
0.0872803
-1.16598
0.52079
6.50212
0.291321
0.490822
-0.555595
-0.581863
-0.463257
1.66021
-4.01032
3.30405
0.468224
2.13229
-0.0750885
-1.70157
-1.29935
0.479965
-0.32061
0.889481
0.692749
-0.253975
-0.344437
0.567314
2.80133
3.8974
0.382805
0.119553
2.03947
-0.14946
1.72166
0.551041
-1.95487
-4.02361
-0.780136
-0.0951233
-2.21899
0.864349
-0.208076
-1.62005
-1.50298
2.16199
1.12169
1.48715
3.04795
1.46515
0.782333
3.80508
0.272705
1.49946
-0.982277
0.334412
-2.16807
-1.70161
-0.771729
-0.456017
5.61188
0.19838
-3.86774
2.17949
2.28925
0.313911
-1.1457
1.59657
-1.30907
1.87956
1.1879
1.5593
-0.505432
-0.0999222
-0.719856
-0.0697403
-3.71176
2.23985
2.27779
1.02441
-0.199707
0.978912
-0.0671921
0.272926
-1.37716
-0.607231
1.56734
-2.68507
2.43029
1.6121
-1.9556
-4.28165
0.3619
-1.5083
1.76291
-0.213402
0.425186
-1.65052
-0.754257
-0.592323
0.139656
-1.02736
-1.66179
0.45546
0.357185
-0.154152
0.840027
-0.483589
0.256584
-0.346176
1.42816
0.25386
0.375473
0.183868
-1.57056
-0.393288
2.18458
0.855583
1.43398
0.862587
-1.25615
1.50575
1.17168
-0.245476
1.35254
2.21152
-2.66635
2.17404
2.1689
2.8532
-1.61932
0.441269
-0.564667
3.76372
2.60181
1.18011
1.22836
0.933502
0.459534
-1.04943
0.234161
-1.34355
1.26468
1.94751
-1.01606
-0.178192
-0.0193558
0.641083
-2.39911
-0.532578
0.167381
0.356705
1.2233
4.82088
-0.423019
-1.3577
3.69037
-0.210167
-0.837967
4.52872
-10.3172
2.8434
-0.200844
-0.720062
1.63052
1.00573
0.527229
-0.700981
-0.439285
1.65676
-0.865654
0.609077
2.14022
1.03149
2.08592
-0.466331
1.49822
1.04304
-0.228172
0.754166
1.54704
0.161339
-0.684822
-0.404877
4.87761
1.56331
0.634735
1.8555
-0.599838
0.226341
1.90987
0.892593
-1.52658
0.311539
2.77161
0.741882
2.68015
-1.92099
2.86102
1.17967
-0.347176
0.765244
1.2777
-0.19577
0.307518
-0.986717
2.39574
4.85254
1.17477
0.772774
0.639572
1.69246
1.12904
2.9589
-0.748985
-1.34589
0.0941238
1.10306
-0.705864
0.55043
-0.391579
-0.477211
2.04782
-1.38187
-0.363533
2.31589
0.563835
0.568817
2.27309
-0.276596
1.1421
1.03511
0.82354
1.00756
1.51894
-0.394012
-0.752609
-0.0927048
-0.146164
-0.376022
0.701416
2.46952
-1.7651
-0.0176849
0.605614
-0.757973
1.98753
-1.3644
-1.54366
0.127113
-0.674332
1.31198
-1.25676
2.42917
0.189835
1.09361
1.6253
0.249588
0.383095
-0.705177
-0.475807
-0.319519
-0.151573
-1.41887
-2.44329
-2.81267
-0.976868
1.55202
0.389069
2.05302
1.62644
0.0940628
-1.22874
1.72285
0.928078
1.28709
-1.03252
-0.816772
-0.618362
0.731171
0.0289154
-3.26154
0.439865
2.11401
0.788605
-0.968727
1.4253
0.90049
-0.22998
0.231224
1.49415
0.590385
-1.97774
1.65275
-0.0922241
-1.09588
-1.56896
1.12878
0.176773
-3.13323
-0.655571
0.286575
-0.901924
1.42403
2.83846
0.163124
3.70872
-2.54025
0.523827
1.16865
0.398766
0.125374
0.729523
-3.43439
0.287628
-2.12418
0.394173
3.92691
-1.62304
1.79118
-0.826447
-2.98153
1.07532
-0.527824
-0.251892
1.92025
-0.405045
-0.567192
-2.31283
-3.75449
2.44347
3.94424
0.411087
1.44664
-0.30249
0.225945
-4.79154
3.01276
-0.243584
-1.60867
-2.08811
-4.08733
1.18674
2.3521
-0.672531
0.815681
-0.715408
1.03551
-0.777199
0.179024
-1.85916
1.48194
-0.190231
-2.16459
2.21243
1.1688
-0.299576
0.713104
2.60167
-0.597816
-0.192978
-1.26119
0.640862
0.978699
0.780479
-0.514618
-2.25472
-1.4842
0.934006
-4.35422
0.547066
-0.544197
1.32952
0.652702
0.488663
1.55913
-0.591766
0.634033
0.425735
2.40739
-0.21978
-2.77283
-0.610291
-1.23978
-0.767921
-1.70786
-1.03271
-0.384857
0.462433
1.1097
4.15417
0.635254
0.749908
0.565071
-0.812904
-1.13266
-0.00977325
-0.110741
-3.22241
-0.467422
1.12698
-0.732933
-1.72791
0.311874
1.33871
-0.402435
-1.61445
2.34754
0.451019
-1.40775
0.21936
4.28426
-2.2358
-2.10831
-2.54771
1.06934
-1.55231
2.16035
1.12699
0.285736
-0.0727234
-1.04656
1.04628
-0.458229
0.556404
1.24977
2.56134
1.19186
1.27676
3.60902
-0.283783
-1.70929
2.20367
0.925339
1.9015
0.160553
-0.41436
3.10858
0.528488
