Delta t of cfd-times for channel 11-10
2.49715
0.450951
1.32964
-0.489555
3.01621
0.732765
-1.24081
0.731483
-0.0811386
0.910095
0.815231
0.529541
0.158546
-0.898064
-2.42184
2.16763
2.43931
-0.161545
-0.70575
0.653687
0.819641
-0.379044
-1.00839
1.26499
1.43437
-1.17864
-0.930534
0.964005
-0.551018
0.651306
3.21626
-0.91848
-0.275276
0.612671
0.850624
0.365036
1.01266
0.289604
-0.608963
1.50883
-0.159424
-0.336182
2.06365
0.850792
1.32418
0.175529
-0.853806
0.0326385
4.24852
0.791451
1.20206
-2.60789
1.64241
-1.21317
-0.563438
-1.84222
-2.50189
-0.333557
-1.64081
0.246361
6.19053
0.392151
0.413742
-0.681404
-0.587677
0.379364
1.11654
-4.01979
3.64708
2.46165
-0.336624
-1.5279
-1.23285
0.535599
-0.476433
1.12556
0.493774
-0.325089
0.523354
0.461098
3.01478
4.25996
0.359222
0.383369
1.89384
-0.730598
1.67458
0.530968
-1.91557
-0.653259
-0.794434
0.151222
-1.81712
0.397514
0.0150986
-1.60484
-2.05527
2.02885
1.32323
1.3114
2.65958
0.969452
2.18994
3.67052
0.19635
1.55136
-1.06954
0.476166
-0.597916
1.60293
-0.856247
-0.321426
5.68199
0.273613
-3.83349
1.74018
2.09711
0.240501
-1.13699
1.70399
-1.40418
1.87346
1.29145
1.65588
-0.312241
-0.241226
-0.87384
0.159401
-4.37434
2.19717
2.5305
1.36967
-0.256187
1.23535
-0.322975
0.339661
-1.32796
-1.01175
1.56831
-2.55061
2.4297
1.23952
-2.33534
-4.85432
0.423859
-1.31431
2.07866
0.0131683
0.410896
-1.04368
-0.948883
-0.708015
0.135666
-0.966721
-1.56155
0.937401
0.242706
0.961426
0.823357
0.443359
-0.236053
-0.598984
1.0555
-0.124084
0.0984497
0.32814
-0.545952
-0.476547
-0.87793
2.29423
0.992416
1.70007
0.853195
-1.26279
1.21567
-0.413498
1.26891
2.0158
-2.84695
0.0508881
2.45716
2.76413
-1.61791
1.02149
-0.926491
4.07211
2.50623
1.48808
0.855316
0.970749
0.549271
-1.44288
1.09592
-1.49008
1.06471
2.08814
-0.728912
-0.371101
0.0473175
0.675964
-2.24835
-0.000724792
0.338364
0.134171
1.21613
5.29671
-0.209511
-2.71774
4.01057
3.87008
-0.0197449
-0.757622
5.26749
2.77939
0.419601
-0.431351
1.72716
1.01611
0.249886
-1.04382
-0.48703
1.94965
-0.796448
2.04747
1.16971
1.91099
-0.828796
1.7336
0.838287
-0.410675
0.902298
1.46441
-0.0724106
-0.603249
-0.396606
5.07207
0.0864182
-0.0580063
2.24757
-0.852516
0.705177
1.95735
0.947899
-1.04997
0.195671
3.35418
0.727089
2.82266
-1.70084
2.75215
1.24281
-0.133621
1.72859
-0.526901
0.205643
-1.05947
2.37266
5.18037
1.01588
0.539047
0.542168
1.94524
1.44266
2.9501
-0.889091
-1.41722
0.323013
1.54594
-0.0869751
1.0144
0.115021
-0.304688
1.60677
-1.64148
-0.149208
2.03912
0.872246
0.699013
1.69324
-0.589592
2.02365
-2.04179
1.07652
0.90834
1.32105
-0.742889
-0.783501
-0.285271
-0.295769
0.267929
2.22549
-1.91485
0.203697
0.503616
-1.16041
-3.57623
2.04781
-3.10165
-1.03868
-1.18378
1.49126
-1.27502
2.10085
0.106735
1.42049
2.46367
0.246902
0.504196
-0.791077
-0.679482
-0.211327
0.502502
0.313843
-1.52046
-2.63463
-2.94096
-1.00777
1.40016
0.249207
2.53673
1.6068
0.0398102
-0.912331
1.91241
1.08512
1.23774
-0.958427
-0.603218
-0.704987
0.765427
1.02048
-2.96327
0.520027
2.04794
0.323463
-0.766853
1.20875
0.675415
-0.211205
0.280396
1.44212
0.222572
-1.83385
2.03268
0.0401535
-1.73062
-1.61152
0.88298
0.396225
-3.50035
-0.530167
1.13535
-0.108109
1.34624
2.64104
0.221298
3.44907
-2.54501
0.644745
1.38336
0.443321
0.252762
0.935196
-3.73445
0.104271
-2.23589
0.0761261
3.59245
0.176247
1.74935
-1.9314
-3.09789
1.07986
-0.999619
-0.600067
1.9587
-0.865814
-2.48212
-3.5127
2.49808
4.27181
-0.288513
-0.188576
0.401962
-4.59232
1.58419
0.177376
-1.87455
-2.09904
-2.70399
1.05099
2.28589
-0.570549
0.36055
-1.076
0.937775
-0.300171
-0.479561
-2.45101
1.24735
-0.0444641
-2.16216
2.20104
-0.324059
0.793884
2.79569
-0.687759
-0.191727
-1.61103
0.867546
0.659439
0.577286
-0.931656
-2.56103
-1.47668
0.918167
-3.93133
0.177635
-0.243935
1.68887
0.897964
0.196411
1.5042
0.245895
0.997787
2.39902
-0.219696
-2.99327
-0.574631
-1.27288
2.20061
-0.830612
-2.23899
-1.14306
0.335625
0.336372
2.11706
4.16692
-0.672241
0.447754
1.83507
0.409355
-0.892296
-1.28473
0.0811386
-3.43678
-0.518967
1.00497
-0.467094
-2.13058
0.14946
1.50784
-0.736252
-1.69479
2.44347
0.413284
-1.19705
-0.207016
4.31258
-2.19443
-2.05205
-2.40701
1.08386
-1.62877
2.19334
1.44065
0.172104
-0.220924
1.52416
1.15557
-0.790741
-0.148552
1.22142
2.56491
0.801193
1.37096
3.61463
-0.580139
-1.67501
2.30698
0.970924
1.9734
0.259331
-0.664612
3.01982
0.534035
