Delta t of cfd-times for channel 11-10
-3.11646
0.476357
-2.49594
-1.89496
-0.572723
-3.94451
-1.67108
-1.22041
-0.518944
-6.55153
-0.828217
-2.00296
-5.99039
-6.45332
-3.56836
-1.43001
-3.22186
-2.12508
-1.11328
-1.93872
-1.03922
-0.440292
-0.60891
-2.59573
-4.54567
-2.39062
-2.38445
-2.80063
-2.49275
-1.30956
-1.26962
-1.3888
-0.853592
-1.44793
-1.20795
-3.36945
-1.49837
-4.64725
-2.64504
-1.16953
-0.301537
-2.03079
-3.17886
-0.627937
1.29516
-1.42423
-0.318024
-3.28821
-1.47652
-1.2527
-2.60979
-4.01042
-0.992088
-2.82104
-1.17742
-4.92139
-2.49113
-2.5779
-2.66801
-1.81335
-0.0997009
-1.32733
-2.35316
-5.19549
-4.04896
-1.8899
-1.4055
-3.87692
-1.74412
-1.24247
-1.26089
-1.38929
-2.91048
-4.81858
-3.27087
1.95578
1.84661
-5.77265
1.90533
-1.88603
0.401726
1.99432
-4.10763
-3.40368
-0.52037
-4.35357
-1.45564
-3.03931
-3.55454
-1.96253
0.715736
-2.31577
1.02884
-1.95504
-1.54737
-0.988434
-2.99352
-2.60011
-1.30081
4.74274
-5.53941
-0.618729
-0.915375
0.901611
-3.19981
-1.408
-1.44369
2.14348
-1.03157
-1.8935
-1.47164
-1.03966
-1.85189
-2.34177
-3.10534
1.52269
-0.189346
-2.57655
-2.4497
-1.70313
-3.57684
-3.23486
-1.02286
-1.68125
-5.23918
-3.01445
-2.20562
-1.03771
-2.96504
-6.99763
0.267342
-5.12949
-1.11594
-0.522392
-0.146057
-3.23129
-2.77058
-1.44682
-2.72115
-1.792
-3.37003
-2.29631
2.72775
-2.49725
-3.02216
-2.35286
-1.94212
-2.62411
-1.59642
-1.32333
0.763771
-4.37334
-2.64994
-5.5234
0.014473
-2.1117
-2.76115
-2.59629
-2.73302
-1.74221
-4.62832
-1.2161
-4.51292
-2.4018
-0.366547
-1.71912
-3.58129
-4.68378
-0.977737
-2.65096
-3.55206
-0.0759354
-1.69473
-4.12711
-2.84751
-4.45979
-0.850899
1.54627
3.67925
-3.00108
-3.11455
-0.814209
-1.14114
-0.256592
-2.23294
7.82504
-0.567734
-2.72558
-3.85806
-0.345886
-1.43428
-6.18628
-1.48753
-1.07272
-4.0384
-1.89046
-3.38737
-2.84265
-0.0618286
-1.30516
-0.958717
-2.13199
-0.0920792
-4.48301
-2.56199
-0.554276
-1.32004
1.07558
-0.81382
-1.09334
-2.88416
-1.56184
-6.46967
-3.20168
-1.58936
-2.15343
0.0767822
-2.01109
-1.90499
-2.64209
-1.47127
-3.41827
-2.33305
-4.59546
-2.8817
-1.54073
-1.58571
-0.42041
-0.7117
-7.52458
-1.83625
-1.31421
-2.86939
-0.63446
-0.441994
-2.79245
-1.93403
-0.868164
-1.91795
-3.63149
-4.39183
-1.95732
-2.31316
2.3259
-1.90058
-0.39978
-4.1228
1.43112
-3.49495
0.203682
-2.38719
2.17032
-4.0536
0.635063
-1.26398
-4.83203
-0.21283
0.419724
-0.346954
-5.88277
-1.136
-2.55318
-3.02232
0.970856
1.08867
-3.15842
-0.112755
-0.700233
-1.1317
-1.70711
-2.62044
1.55521
-7.46494
-5.44826
-2.06248
-4.96925
-1.15047
