Delta t of cfd-times for channel 13-12
-1.22861
-0.835648
-5.95376
-4.96764
-1.33685
-4.37907
-2.74783
-5.90591
-2.9782
-3.57716
-5.14487
-4.22361
-5.80911
-3.38471
-2.70238
0.749702
-0.285904
-2.62515
-2.34716
-1.19911
-7.76708
-5.12827
-2.66006
-5.18496
-1.38972
-0.635345
0.531799
-0.818199
-2.74562
-3.20566
-3.17238
-1.62251
-1.13431
-1.76102
-3.91653
-3.50723
-3.91241
-1.87675
-3.64551
-0.832794
-1.73307
-5.01514
-2.27013
-2.69737
-2.33524
-4.11013
-1.83569
-4.20239
-1.4512
-1.69485
-3.01814
-0.372711
-3.27904
-3.24903
-5.3513
-2.26401
-6.28423
-0.313835
-2.58429
1.98189
0.4897
0.0285187
0.654366
-3.31441
-3.05944
-2.36264
0.768234
-3.85907
-1.7319
-2.14289
-2.78469
-1.55494
0.230835
-1.87025
-6.91593
-2.38672
2.44156
0.667847
3.90392
-3.94244
-0.837868
1.17105
-2.31036
-1.81139
-2.6189
-5.00778
-3.91287
-2.01678
-7.0614
-1.5784
0.124023
-4.58778
-0.752617
-8.89773
-4.0477
2.49889
-8.01149
-3.46572
-4.31135
-1.61051
-1.21722
1.0357
-2.52962
-2.66453
-3.06775
-3.74615
1.5159
-1.74873
-1.14163
-2.38272
0.914581
-2.92036
-1.69781
-0.0138168
-1.10475
-3.05682
-2.48103
-3.99155
-0.337448
-1.3789
-1.19106
-1.4682
-2.66408
-1.98686
-0.777954
-1.40222
-1.62092
-0.53933
-1.22441
-0.890472
-5.88794
-4.94686
1.00767
-0.0170135
-4.59779
-2.74561
-2.85771
-2.94397
-3.66336
-6.64416
-3.12981
-1.73791
-6.18935
0.580048
0.0458221
-4.45672
-1.44939
-1.04673
-2.82097
0.905708
-1.06936
-4.15344
-4.12678
-3.82446
-0.910942
-3.06423
-3.88994
-2.36392
-0.723671
-1.80602
-0.778824
-3.12023
-3.44943
-2.54759
-7.42428
-3.77106
-4.78551
-1.72253
-3.10849
-5.08021
-0.652321
-2.7213
-2.64214
-0.212013
0.0335083
-2.51624
-1.68138
1.66425
-2.54028
-2.22356
-1.4418
-1.04017
-2.12404
-2.84077
-0.0919647
-0.680519
-3.728
-0.0583496
-3.06438
0.26355
-3.09016
-2.10278
-2.2629
-5.15913
0.653671
-3.26738
-3.57985
2.27422
-6.31662
-11.968
-2.78464
-3.00372
-1.77278
-5.3736
-3.27964
-1.65318
-4.77534
-2.93246
-0.943138
-2.18076
-5.71639
-2.16174
-1.33432
-1.67822
-2.68917
-2.03268
-2.80473
-1.70307
-0.850021
0.0295334
-1.18188
-1.03165
-2.59209
-1.86298
-3.11366
-2.1096
-0.257874
-3.75282
-3.39587
-1.37061
-7.06016
1.75288
-2.84724
-1.19337
-2.47401
-1.90887
-4.02058
-1.93285
-1.68213
-1.55458
-3.71832
-0.773544
-1.36315
-2.40897
-2.22453
-3.23038
-3.32964
-2.01792
-1.97049
-6.54414
0.149193
-0.710938
-0.65947
0.212463
5.19127
-1.06109
0.284386
-0.872986
-1.54791
-3.26994
-0.416473
0.732796
-4.32386
-0.856285
-4.57482
-2.54844
-1.34175
-1.24608
0.605209
-1.61197
1.19253
-2.88022
-1.74982
-5.31949
-3.97396
-3.17236
-1.17317
-3.16304
-7.37512
-1.36594
-1.20461
