Delta t of cfd-times for channel 11-10
-2.82821
-0.183128
-2.41216
-2.43839
-4.30454
-1.42127
-1.20709
-0.805267
-6.35534
-0.667892
-2.44772
-5.62669
-6.52393
-3.61684
-1.928
-3.18118
-2.41156
-1.33446
-1.99235
-0.659081
-0.435715
-1.00686
-2.91242
-4.46487
-2.16393
-2.22065
0.121704
-2.38197
-1.26868
-1.37052
-1.32227
-0.845741
-1.45789
-1.31735
-3.4118
-1.42701
-4.71378
-2.83603
-1.26288
-0.419624
-2.05868
-2.7773
0.0743103
-0.708115
1.90026
-1.42229
-1.06683
-3.20565
-1.54922
-1.44992
-2.24829
-3.93102
-1.12562
-2.47269
-1.06069
-5.57968
-2.86236
-2.56329
-2.35915
-1.56716
-0.190544
-1.27361
-1.89561
-4.97371
-4.08078
-1.79777
-1.21709
-4.03732
-1.89857
-1.2756
-2.00962
-1.37533
-2.65684
-4.7491
-2.96178
0.580223
1.91274
-5.72186
1.76841
-1.88092
-0.0528412
2.0187
-3.92445
-5.60966
-1.21746
-3.86672
-3.98301
-5.89714
-3.84163
-2.09572
0.735214
-2.15111
1.05483
-3.00134
-1.51318
-1.30537
-2.70016
-2.47473
-1.25085
4.87929
-0.598923
-1.06492
0.913239
-2.98312
-1.09819
-1.62359
2.13577
-1.05748
-1.49727
-1.51363
-1.07436
-1.8718
-2.08369
-2.9764
1.5531
-0.0655975
-2.53593
-2.52253
-1.82777
-3.38472
-3.86882
-0.854919
-1.57519
-5.19238
-3.11197
-1.62055
-0.83075
-2.67973
-7.13937
0.157806
-5.17405
-0.960564
3.976
-0.445847
-3.40289
-3.21194
-3.26184
-2.56401
-1.59318
-3.06202
-1.89923
2.61978
-2.47783
-2.78884
-2.45566
-1.75383
-2.51363
-1.23409
-1.08678
-1.14091
0.669037
-4.68773
-2.79801
-5.23035
-0.637535
-2.12066
-3.06348
-2.61063
-2.64511
-1.35599
-4.13734
-1.29781
-4.45407
-2.69021
-0.819023
-1.79948
-4.18433
-4.27612
-0.923508
-2.3035
-3.28232
-2.25859
-1.74959
-3.96564
-2.76337
-4.12411
-0.809517
1.55444
3.36401
-3.12935
-3.23183
-3.48959
-0.560944
-1.01648
-0.451294
-2.16447
-4.75138
-0.789307
-2.48568
-4.05856
-0.337189
-1.27013
-5.70938
-1.40566
-1.14275
-3.80593
-2.03777
-4.66682
-2.96064
-2.52017
0.185287
-2.40057
-1.10036
-1.93031
-0.623009
-4.47014
-2.11797
-2.21589
-0.562645
-3.00686
1.18536
-1.10413
-1.11668
-3.30151
-1.47289
-6.3658
-3.1838
-1.40081
-2.27921
-1.95069
-1.055
-2.02693
-3.2485
-1.69574
-3.54055
-2.29082
-4.36654
-2.64031
-1.86615
-1.61758
-4.92026
-0.732132
-7.23038
-1.46346
-1.83866
-2.88625
-0.851128
-0.691078
-2.7317
-2.095
-0.754227
-1.80164
-3.65826
-4.61854
-1.88468
-2.6123
2.08647
-1.89669
-1.77966
-1.99196
-3.98712
1.41045
-3.99442
0.201691
-2.73321
1.98373
-4.14355
0.69014
-1.19221
-4.88282
-0.387642
0.742203
-0.292427
-5.65523
-1.07983
-2.45909
-3.33322
0.936638
1.05576
-4.33173
-0.613243
-0.54187
-1.28745
-1.77301
-2.88271
1.16754
-7.12941
-5.34788
-3.07391
-5.13496
-1.50882
