Delta t of cfd-times for channel 11-10
1.00658
-2.42454
-0.457535
2.33115
5.07471
1.90086
4.03002
4.79173
2.63675
2.37187
0.69635
1.5853
1.14128
1.87115
0.875092
1.02358
0.989624
3.93767
0.728935
3.02874
3.44214
2.61298
3.59573
4.33357
3.06959
2.02566
2.59272
0.498978
1.69178
3.42057
2.07899
4.75214
1.22382
1.64301
1.49189
3.16234
1.22099
2.49841
4.0162
1.73872
2.16668
1.3765
2.89076
0.298843
0.0905533
4.00137
6.7772
1.57899
2.83043
0.805176
3.36723
1.20008
-0.0482712
3.42647
0.18882
3.38771
1.66212
2.19442
3.15691
2.50148
0.0924988
2.56493
1.90052
1.49583
1.01465
8.03377
0.682907
4.24079
2.97604
0.474838
5.01153
1.26315
3.86244
2.76057
5.25965
2.6528
4.98651
9.54926
1.69704
4.19858
5.50472
6.57836
2.01376
2.36864
3.24512
1.53703
3.42311
1.7407
3.66377
2.87617
-2.1051
2.05415
-0.307999
3.1266
4.19211
2.25061
4.37843
1.20543
3.35949
2.7807
3.46578
5.61437
2.05616
5.94335
1.20649
-1.05164
1.97755
2.65822
-0.327728
1.84357
3.68555
3.03385
3.47359
2.9215
0.711403
2.80191
3.09955
2.09087
0.951653
2.414
1.70281
1.62375
1.39415
3.21136
1.92057
5.24108
1.98588
2.04339
2.54073
3.38097
-1.05413
3.55763
2.36465
4.40425
0.331711
1.43276
2.68896
4.24652
0.172417
1.66753
-0.212059
3.36751
3.87706
2.4114
4.15514
2.03791
4.15009
3.96358
2.81078
3.64316
4.64031
2.30706
-0.563713
1.22082
3.53208
1.72021
-1.84913
4.21449
2.79535
-1.02142
0.201958
3.89244
-0.12722
1.81052
3.13277
2.23499
3.29821
2.43578
3.57069
2.19763
3.69609
1.31459
6.64403
4.77701
1.20315
3.39382
5.21726
3.29401
3.29534
2.1758
3.38036
1.63757
5.52575
1.21396
3.3963
2.50383
0.102936
0.949638
2.15385
2.5214
1.63474
1.80882
2.49129
4.19099
1.83067
0.840836
3.86906
4.56335
2.19367
2.60722
5.29736
3.43877
2.539
2.92913
1.50272
1.83759
1.49632
1.87586
3.08443
3.94081
2.66678
1.35344
2.25814
4.49268
0.116318
6.98713
6.57178
-1.54177
0.258835
3.3638
-2.28058
2.08679
2.48289
1.83378
4.16245
2.5111
-1.09671
1.72831
2.37424
4.17406
8.01317
3.71458
1.83697
4.55271
5.73421
3.78732
3.06365
4.95728
0.19809
-0.280289
3.89044
1.12077
1.73022
2.686
2.33305
1.45552
1.72344
0.975471
2.80057
4.2524
1.42374
0.377365
2.50277
0.958893
-0.261108
3.72058
1.10519
1.23963
-1.15671
3.37373
3.1588
3.13127
1.32089
1.70665
1.17352
5.00021
3.22952
3.58676
3.02539
4.5173
3.7048
3.20703
1.03088
5.08292
1.02307
8.62862
2.75106
6.05952
2.84962
1.2395
4.44562
-0.423309
3.23885
1.85519
1.84628
-0.416901
4.27238
2.33471
3.07713
4.26611
3.73716
2.87391
3.22781
1.61958
4.03297
3.27678
1.83322
2.61914
0.476799
0.112068
3.72307
3.57973
4.94281
4.79256
2.73351
0.614082
2.61928
2.32216
2.6968
2.46581
-0.0906296
2.3576
2.88854
3.23064
3.27013
3.69225
3.97347
2.86889
3.40091
2.59504
3.06881
3.33765
3.46427
5.2533
2.67886
6.97569
-0.860512
0.577667
-1.84596
-3.35945
4.56617
3.4759
1.61044
3.353
5.65318
3.47659
2.46745
3.45761
0.422249
3.32795
0.60965
1.82045
2.83
-2.73843
1.91095
3.86763
0.311867
7.90893
1.08769
1.34687
1.34443
3.40317
2.65316
8.14326
3.24375
2.34197
-0.264297
2.04182
2.17726
4.16013
1.47543
1.75037
5.13549
2.05461
3.36983
2.97249
1.72709
2.78915
1.54154
1.36397
4.2153
4.73201
5.66628
0.766571
1.57946
2.69669
1.94389
2.02531
2.57343
3.11648
3.21062
3.26772
0.00338745
-1.0126
3.03563
-0.402283
3.51868
2.81806
0.0312347
2.4775
1.34455
2.83104
0.195679
1.52402
5.83752
-0.104591
4.06156
2.6609
0.270363
0.701942
0.400734
3.0995
5.40236
2.75411
1.27098
2.65762
2.87859
3.70317
2.73807
-0.836243
2.88342
4.05894
3.37457
2.5795
4.61395
0.367592
1.56824
0.748222
2.74316
2.62718
2.80441
6.40699
-0.0184784
3.33836
0.529823
0.853989
1.92911
7.92336
3.24072
2.81902
6.36245
3.80386
-0.0191727
3.10661
-2.81638
6.55956
0.523682
0.461754
4.41122
1.84671
1.37241
3.88438
3.85773
2.57884
1.64282
3.25906
-0.0267868
-0.924637
1.32796
3.7197
-3.80181
4.59115
2.95403
3.03719
1.78108
4.15752
2.73611
1.492
3.12511
4.05206
-0.0641708
2.19391
2.53387
2.08649
1.32317
2.10876
2.0716
6.78416
3.32249
0.96196
0.843307
4.99402
0.313957
3.27884
1.01881
1.38857
2.43259
2.54731
0.312057
-0.187378
2.12164
2.39863
3.01536
2.77405
8.32471
4.46502
3.33066
2.32777
2.59524
3.25943
3.9333
2.04787
1.90298
5.99474
1.88187
3.5694
1.26946
3.53447
3.63966
2.39752
1.07603
3.69243
1.94785
0.207085
1.71256
1.03258
0.562096
3.31767
1.82476
2.71306
1.4944
2.66951
1.66293
4.00881
1.72662
2.8347
4.92728
2.30159
0.101517
1.68018
2.91317
2.83733
2.56025
4.11424
0.0398636
3.16599
2.33383
1.92271
4.46745
1.54494
2.43858
2.14604
2.23232
3.62006
3.13921
0.095665
1.52896
2.29796
5.21416
3.43768
2.70483
3.0943
3.9131
2.32421
2.42917
3.33211
3.16826
3.08527
4.09389
2.9888
2.12614
0.601997
2.28842
5.66375
4.14635
1.57269
3.0717
7.43952
0.783485
0.028038
1.67925
0.613388
4.10764
2.49736
4.13435
5.83292
-1.37825
3.22411
4.03523
1.48939
1.74553
-0.642616
5.14095
3.10117
1.32851
0.298462
4.31686
3.92895
4.01447
1.97065
2.17624
-0.637894
3.26497
3.51215
4.52543
0.91716
0.867775
2.17532
4.96455
4.42718
-2.19411
2.47044
4.0079
-1.65714
2.65206
0.824402
3.54379
3.18067
1.96629
2.1801
2.44849
2.29854
0.439812
3.98991
6.01376
5.93367
2.15857
3.58224
0.498489
4.75784
2.02579
4.68545
4.33554
3.43993
0.393471
2.30003
2.48803
0.785278
1.96481
0.816971
6.82618
1.63188
0.301819
2.69603
3.62301
1.02649
-0.629616
2.41498
2.53065
5.11808
-3.03899
2.78574
3.26866
0.0559311
1.87408
1.11682
1.70661
1.8362
5.7558
2.07558
1.60169
0.418564
3.02862
0.499252
4.4063
2.73827
2.24726
2.21374
0.710762
1.44749
2.28225
3.42642
3.74516
2.29305
3.31757
5.47827
3.62698
-1.68126
2.1578
2.82859
4.38115
1.69002
4.26391
2.3392
1.95124
2.47993
4.29421
3.98062
-0.597496
4.32043
1.74375
5.23259
4.34167
3.82032
4.83607
0.241135
4.26135
2.63113
-1.47195
4.74632
2.77945
5.90756
0.916771
4.00137
1.03063
3.17032
0.320572
1.60354
0.978477
2.90105
1.68874
2.18532
3.61346
5.20406
3.62849
1.93018
1.02142
2.12669
3.72678
-1.05011
4.74303
4.91706
0.952835
2.93867
-1.40241
2.44815
-0.315948
-1.01366
3.68116
2.75514
2.41589
0.650154
3.11073
1.63569
0.362297
0.419868
2.61549
0.30162
3.24862
1.09883
0.439285
2.94047
2.24609
1.25816
5.20596
2.80322
0.0525055
3.48919
1.00847
2.8487
1.51453
6.72006
1.93011
1.78396
3.7804
1.33323
1.92521
0.0806427
1.09479
4.62567
3.62125
2.29278
4.07257
1.55189
1.81837
4.58858
3.34557
6.3132
2.0715
3.8532
3.83289
-1.67027
4.96327
1.17636
1.94386
3.13441
1.70107
4.55801
