Delta t of cfd-times for channel 13-12
1.91228
1.563
2.85056
0.752174
2.73299
2.21523
7.77289
3.43475
-1.91267
3.09505
1.10236
4.87083
-0.659058
1.33341
1.54568
-0.248657
2.15654
9.19349
1.72501
3.30759
7.2907
4.2952
4.47459
4.44068
1.64451
2.23287
3.44253
5.24593
4.43925
7.38548
3.92297
7.8945
1.24568
2.04376
2.69144
-0.953796
2.64783
5.04163
3.01481
1.38439
5.08248
1.71256
1.14039
-0.450012
1.68298
9.04041
2.60049
4.23166
1.82556
3.37125
2.01317
9.25932
0.676514
6.86061
-0.793129
0.251099
9.44173
3.59666
2.69908
0.922417
-0.76889
2.26893
4.48782
2.63573
1.90177
5.70173
1.20288
2.56236
4.81802
1.06335
4.84639
1.24374
3.6282
1.3017
2.94387
5.48361
1.03808
3.48496
5.44009
2.4118
1.44691
4.63828
2.37743
6.20645
2.98474
5.86195
0.619728
5.61362
1.62779
1.88264
-0.625793
5.86809
3.53969
3.82844
5.52539
-2.15015
1.80773
0.393791
2.20113
1.74214
2.1254
6.54728
0.696533
0.420021
6.51966
0.360619
4.18142
5.0521
0.438263
7.45757
4.64217
2.08591
0.599937
3.28304
7.93342
1.52335
2.56236
8.45214
-2.42171
2.33147
5.85299
3.46898
1.38297
2.13
5.56967
1.50627
4.20512
5.13658
11.7488
1.87179
0.220734
2.50385
8.24113
0.24617
2.49731
2.80975
2.78818
8.53008
1.46918
2.48703
1.31094
1.60928
3.77681
2.94516
3.79276
2.07218
4.9549
1.77196
2.81747
4.77991
1.62872
7.44583
2.27312
-0.16394
2.95757
6.80341
1.45536
3.8094
7.17425
-2.52882
-0.371384
4.21964
3.11528
5.73466
3.84718
2.54622
2.21984
1.27605
3.88226
2.52164
2.76661
3.45188
4.84031
2.54413
5.80576
4.12682
3.93653
6.52496
2.46968
2.81202
6.46345
4.05792
1.80052
2.48292
10.2674
-0.637276
1.56773
2.41315
3.23183
3.29614
5.56289
2.65656
7.27077
3.96716
4.80004
4.64216
1.46022
0.318268
0.466652
-0.00875854
5.96155
3.98662
5.50752
8.3526
1.75087
-3.7176
3.80646
0.889389
5.37193
1.59878
1.00133
-0.454247
2.99517
4.92838
4.08955
4.09037
1.76427
2.63513
1.64363
1.38385
-0.357704
1.09373
2.49161
0.975792
4.50081
0.80188
-2.3065
4.35561
1.83498
8.77135
1.15474
5.73907
-2.04005
2.6899
3.25475
4.73093
2.26429
6.49961
2.42675
-0.916901
4.34766
-0.926422
0.49614
3.76572
2.46262
5.29405
3.04787
6.57822
5.56837
3.34441
3.5003
6.21512
2.54742
4.03254
6.96484
6.19371
2.29346
2.40053
7.73689
2.60708
2.90557
4.30379
3.36008
2.43771
-2.65788
7.31645
0.582199
9.96731
6.72324
7.04868
3.78053
4.23306
5.28103
7.07337
3.12627
4.66615
3.15428
0.710022
4.36457
2.27254
2.92976
-1.69893
1.31637
1.86528
8.08882
2.60235
-0.229866
4.09836
4.38591
7.09066
2.66396
2.05082
2.72082
2.37147
4.75813
8.03726
2.55852
6.09211
2.46748
-1.31668
0.50119
1.12751
4.38216
1.98015
4.70114
6.18571
4.64516
0.484932
1.52055
0.736702
-0.133614
1.90964
6.88247
3.58742
3.13533
3.61272
4.1703
4.67686
1.94701
2.70126
4.11362
1.33708
3.23499
5.29259
3.0698
2.58791
2.65275
3.05396
4.54666
-0.0705261
0.86409
-0.195053
1.14301
7.28716
3.99316
8.80479
7.49236
4.01628
1.21729
1.11652
1.14449
2.59917
2.47552
4.89789
0.0930862
2.00411
-0.32309
4.98811
-0.7724
0.571686
2.77948
2.00992
4.56847
5.72542
-0.0973206
7.91258
2.77322
3.89034
-0.00441742
7.80789
6.22417
1.0331
3.33853
0.41684
0.118477
-0.0949326
-0.25824
6.04418
2.3972
3.08861
5.12341
3.17557
8.85734
-1.02036
3.20869
2.68523
5.10401
1.49437
2.60046
4.27834
4.54732
3.37276
8.53059
2.21948
1.80193
1.78532
0.578644
1.27016
0.0279541
1.73105
1.11446
2.00361
5.00858
1.41412
4.68965
-0.445572
0.696182
2.53894
3.41747
0.472382
1.94276
0.808533
5.36277
-0.106911
1.90147
0.626862
3.66283
-2.8502
3.69071
-1.0173
10.4475
5.5732
1.95042
4.21301
2.09109
2.02719
2.69061
3.33136
3.30758
-0.454613
7.29375
6.15171
2.78554
1.4906
2.65587
2.51857
1.22464
9.70281
3.33352
0.575607
1.94386
4.53172
2.42573
6.02791
0.233398
10.2684
7.59265
-0.923752
7.74696
6.86175
2.77673
8.46608
0.85025
2.51745
4.71716
2.73929
-0.036972
0.84761
1.31565
0.354889
-0.19519
5.72643
1.51361
0.58445
2.43874
5.42735
2.87985
12.1788
3.7069
9.57205
0.366096
5.52191
3.24823
4.12391
2.94647
0.346107
3.54376
5.38444
4.57974
-4.68634
2.515
4.81024
2.8845
2.62521
3.15517
2.50149
2.1245
1.17281
2.43436
-0.359451
1.55594
-1.9263
4.79678
2.40891
4.47945
4.38217
4.0381
4.78137
1.08778
4.96877
2.64935
0.271347
1.43468
5.70031
1.7009
3.46784
6.11656
3.80074
0.649544
2.14769
7.11929
4.5926
2.66552
4.38682
6.3841
0.260452
0.83696
7.99879
4.97807
2.17911
2.61245
7.0782
3.1694
6.41534
1.69665
2.83511
6.86073
1.21705
4.21999
5.89711
0.715927
7.19869
6.39516
3.49573
6.59528
2.32709
1.1866
3.51149
2.61456
4.27771
0.985565
-1.76343
-0.420097
3.54214
2.84209
3.54342
4.5485
1.33809
5.74859
1.59134
3.11884
2.21617
7.13802
1.69881
0.0540466
1.95348
4.30178
2.74803
3.91734
2.24941
8.8223
6.68258
3.16719
10.009
2.80858
2.09943
4.23843
4.31126
5.21564
1.47446
-0.00909424
4.66959
1.45156
2.09029
6.09009
3.53751
-1.28477
1.78097
3.51088
-0.140938
1.22151
-1.06034
7.81983
3.78501
1.68822
0.756119
0.863647
4.61862
6.94601
3.39811
2.74138
5.79989
1.76944
5.12292
2.08695
3.286
13.3629
1.40511
1.64365
-0.521332
2.04815
4.58274
4.08087
-0.197113
0.532104
-2.43851
6.3566
6.82632
2.55796
-8.3465
0.226547
3.32042
-1.11023
8.82942
4.26292
0.738159
-1.26176
1.33593
8.23497
1.67944
3.2549
7.14178
5.48406
5.66509
4.31702
8.94104
8.19612
1.56837
3.98227
5.07018
4.99802
3.40147
1.89653
6.63522
2.56571
-0.651421
6.8194
2.18031
3.55733
4.77103
2.52155
2.5306
0.870277
-1.50284
5.46733
2.2529
3.3681
3.57774
4.12942
3.96535
1.59392
2.30973
8.43747
2.24482
4.35339
1.42796
1.75338
2.75482
0.965187
5.25296
8.17487
1.45184
2.82124
2.73065
3.14915
10.397
7.36696
2.07951
5.10306
3.19725
6.52222
0.29866
6.22224
10.9561
2.7433
4.15055
5.96986
5.69458
8.00774
3.5406
0.11409
3.63372
6.24263
0.637848
1.58556
5.92955
7.23099
8.08639
-3.01991
4.18322
1.62457
5.89244
4.08311
3.81828
3.03307
1.19627
3.4593
3.83591
4.44846
-1.34124
3.02968
4.42156
4.90254
4.38734
4.80725
4.18559
2.91437
2.18578
1.25938
0.624893
3.16849
5.75855
2.31573
5.41283
0.917358
3.91753
1.24675
2.77122
5.85843
4.58633
2.86713
4.03501
-0.51149
2.23169
7.7151
1.77544
4.2326
3.53821
4.03049
3.74043
5.19388
5.28887
5.48553
1.62624
9.83712
3.80973
2.4719
2.07869
2.0762
4.32076
5.7317
2.29806
6.25196
3.73441
4.01185
3.51352
0.942001
2.07944
1.76433
2.80466
1.14422
4.90081
4.28499
3.15393
0.677132
3.40359
7.83437
1.68314
1.25111
3.50867
1.68584
-1.76688
3.99278
5.85831
0.539124
0.823746
6.71127
4.17499
