Delta t of cfd-times for channel 13-12
-0.652473
-3.17666
1.21002
-1.76699
-0.978432
-4.70123
0.785202
-0.278709
-0.721222
0.379646
-2.52739
2.47864
-2.01019
-0.418579
-0.470978
1.28793
-1.63073
0.725952
-5.43709
-2.05022
-0.341461
-1.77851
-1.03532
-2.90663
-1.44592
-1.15015
-1.90168
-1.08113
-0.67662
-2.33854
-4.25849
-1.59091
-1.52072
-0.115021
-1.30379
-0.455986
-2.23053
0.0582657
0.633965
0.306114
0.561005
-0.271194
-3.30049
0.00187683
-4.16025
0.443893
-0.737709
-1.12236
-0.24617
-2.35515
0.0422363
-2.47287
-2.21861
-1.27724
-0.244522
-0.264366
-3.45509
-0.175713
-1.4249
-0.412354
0.545006
-0.927429
-2.62466
-0.65773
0.457703
-0.771362
-1.11169
-1.80841
-0.640945
-0.333649
2.11533
-1.00146
-1.19403
-1.44091
1.90068
-0.908051
-3.91534
-6.37262
-1.63137
-2.96954
2.05976
-3.87752
-2.19762
-3.35458
1.92124
-0.898018
-3.97374
-1.29617
-3.77499
-1.07269
-6.14866
-0.493706
-0.378281
-6.78892
-1.38451
3.02206
-2.12208
4.50938
0.205399
-0.669754
-4.79723
0.336578
-0.86676
-1.7084
-2.20026
-0.298737
-3.1013
-1.40577
0.0284653
-1.23703
-1.53711
-0.941383
-2.30265
2.4476
-1.00026
-0.271729
1.09058
0.594696
-2.01676
2.10094
0.735367
-0.720848
-4.77956
-0.278946
-1.18631
-0.255127
-4.49844
1.1235
-0.447784
-0.114433
1.17834
-0.706085
-1.92773
0.896683
-2.15693
0.496513
-1.44894
-3.93866
-1.05662
-1.11977
7.35767
-0.333977
-2.5325
2.69658
0.738007
1.54239
0.645126
-2.38291
0.682228
-0.196396
-5.87065
-1.6902
-0.315269
2.43832
-0.973763
0.837479
-1.73154
1.66082
-1.72787
-1.72591
-2.78569
-0.00662231
-2.07732
1.6426
-0.853424
-1.58281
-2.54482
-2.00825
-2.11106
-2.16922
-2.24355
-1.90484
-0.590462
-2.57381
-0.773354
1.29268
-1.34848
-0.901947
2.00582
-0.750504
-0.390266
1.21306
-2.14592
-0.597198
-2.67719
0.334259
-0.329895
-1.48505
-0.871918
-2.60461
-1.75423
-0.504333
-0.170708
0.126274
-0.377419
-4.33017
-1.10817
1.09122
2.14291
0.684631
-0.926758
-0.884972
-2.27663
1.31546
-0.646423
-2.60401
-1.14809
-1.65463
0.358665
-0.969948
0.653351
-2.56894
-0.923645
-1.94115
3.04341
-1.47818
2.11747
1.01638
-3.51247
0.385048
-1.41273
0.00969696
-2.14155
-0.95211
-2.93292
-0.234543
-2.16345
-0.251671
-1.65638
-0.558365
-2.26397
-0.30957
-2.96294
-1.69334
-1.674
1.28076
-1.2384
-0.332596
-2.73057
-0.864388
0.72377
-1.7908
-4.30315
-3.50446
4.33017
-0.503601
-0.226227
-1.32967
-2.74194
-0.556335
-2.81387
0.684914
-2.72216
0.605873
-2.82314
-2.51216
-1.59914
2.27397
-3.14061
-0.581696
-0.610252
-2.98041
4.94195
0.0756073
1.94668
3.71996
0.216095
0.509445
-0.528725
-0.935699
2.42416
-1.27157
-3.89825
-1.52425
1.69138
-2.46292
-0.458435
-0.852707
-0.893936
-4.09244
-1.93673
0.137573
0.336998
4.74228
-1.94569
-0.994652
-1.04979
-0.566467
0.12307
0.0662842
-0.932251
-3.54608
1.61604
-5.43453
1.176
-2.35046
0.125275
-0.0926208
-0.901443
-0.598946
0.437805
2.38121
-0.832146
-0.937523
-2.12248
0.853958
-0.539909
-1.26805
-0.824371
-0.670547
2.50114
-0.342819
4.94428
-2.23019
-3.99093
-1.4003
-0.750885
-0.0158768
-1.85231
0.118034
-0.185425
-1.43623
-1.94003
-3.98531
-0.92276
-1.4125
2.4738
-2.29173
-1.64552
-1.2173
-1.47252
-0.424248
1.39922
1.46767
-0.564575
-0.642014
-0.218857
-0.622322
3.54037
-3.21395
0.0273514
0.210953
-2.23356
-0.0394287
-2.0137
-4.21503
-2.70931
-0.245132
-1.76863
0.905434
-2.28934
-3.17035
-1.97204
1.90756
-3.67393
0.436523
0.218872
-1.97122
0.155182
-0.348259
-5.26503
-1.86767
1.61095
-6.2048
0.487785
-2.43726
-1.02374
0.952995
-3.99602
0.62117
-1.08379
2.20274
-2.50323
-2.78531
-1.17738
-1.32295
-2.29071
-0.142548
-0.481514
-3.27466
-4.77514
-3.87596
-2.6129
-1.23022
-3.5183
1.42288
-1.7896
5.72105
-0.655327
-2.50043
0.0783386
0.272217
3.93565
-0.0860748
-1.71141
-0.564438
-2.61981
-1.75142
-4.81613
-4.01381
-0.278694
