Delta t of cfd-times for channel 11-10
2.43319
-4.17636
-0.987015
-1.23771
-1.86475
-4.68089
-1.27341
-0.102463
-0.0816116
-4.09899
-1.936
-1.8186
1.74483
-1.30664
-4.08751
-2.99012
-3.068
-6.25076
-2.72791
-5.12615
-0.973244
-2.80376
1.33125
-2.86942
-0.0732498
-3.16985
-3.049
-2.55562
1.64933
-3.49922
-1.47685
-3.05515
-0.764687
-0.326485
-4.31544
-1.03824
-0.948029
-4.09045
-4.24597
-1.19053
-5.90353
0.535324
-3.26063
-3.9352
-0.621956
-1.41837
-2.36391
-2.1132
-1.86256
-2.05838
4.43735
-0.48732
0.464928
2.84966
-0.310928
-1.41174
-0.505928
1.25614
-2.64516
-0.34816
-0.715454
-0.658226
-5.72746
-1.09241
-3.47987
-2.50422
0.451508
0.958946
1.54065
0.188873
-1.73035
4.5426
2.32433
-1.63733
0.756866
-0.537453
-2.72194
-2.39526
2.15124
-0.690376
0.749863
-0.261749
-1.16431
-1.76988
-3.8682
2.34886
0.0412598
-0.340897
1.69789
-0.768188
0.172737
-1.52491
-0.225708
-0.9823
-2.52431
-0.577454
-3.0275
-1.23132
-4.12984
-0.371796
-2.92562
-3.26875
-3.78065
-3.95669
-1.46274
-1.30852
-2.60216
-1.62399
-4.52826
-2.84658
-2.62874
-3.07539
-0.182411
2.23542
0.454117
-1.50357
-4.82983
-3.7208
-5.58582
-1.91483
-0.238541
-0.220261
-0.348389
-2.68141
-0.674286
-3.28314
-4.69109
-0.700485
-2.60342
4.42064
-3.67364
-2.97515
-6.19844
-0.888245
-1.75032
1.07574
-2.30753
-0.899879
-3.255
-4.63402
-0.425667
-2.50139
1.27122
-0.711052
-0.287476
-0.884628
-2.325
-2.84731
-3.69367
-2.58266
1.11359
-2.8713
-1.7165
-2.02603
-2.88602
1.18388
-0.325851
