Delta t of cfd-times for channel 11-10
-4.94743
3.32172
1.47353
0.884361
-1.83083
-2.31731
-0.209839
1.46094
3.05052
2.98523
0.890831
1.53643
1.28986
3.1436
-0.575783
2.23977
1.95023
0.566444
1.43204
1.32072
1.77219
1.45195
0.686974
0.993202
1.44788
0.770882
0.252365
2.75784
1.61069
0.850006
3.95439
-1.83
1.18284
1.06229
0.765762
3.69567
-0.0625458
-5.88042
1.9339
1.0481
3.01176
-1.92391
1.34449
0.498756
0.931793
3.43423
0.19928
2.534
-1.00976
-0.198608
0.650757
-0.222046
-0.626862
-0.86657
2.48699
-1.01339
-0.147659
0.571625
-0.541313
2.29029
-1.0013
1.57844
-0.240479
3.35237
0.129082
1.52911
-1.45303
-1.29359
0.182907
0.0878448
5.03622
2.38999
-0.093605
2.09604
3.14877
-0.0885925
-1.69379
2.08672
1.06143
2.63478
-0.0342484
2.58257
-0.68615
-0.355759
1.1181
0.402428
-2.5087
-0.306992
1.98639
1.31202
1.39351
1.32614
-0.903679
-2.20027
3.57417
3.64328
2.3687
-0.160797
0.649529
1.54847
1.64409
1.93272
0.127449
1.52264
2.35198
0.698288
2.33578
2.28837
0.775352
-3.95007
0.0737
-0.203949
4.53069
2.18297
0.525993
-0.490295
-2.95762
2.8027
-0.00323486
0.704506
1.21849
2.89806
3.72549
3.2307
-0.205772
2.86904
0.573486
2.2634
1.58708
5.00224
-0.145874
-1.61481
4.86316
0.786903
2.13138
1.69263
1.95482
1.6629
-0.79248
3.6743
2.79829
0.370705
-0.556519
-0.766457
0.947342
2.46494
0.92749
2.21294
-0.644882
1.99285
1.46793
-0.314484
0.589867
-0.0899506
3.94247
1.83452
3.24086
1.92601
1.44863
3.78194
1.83223
0.557953
-8.59959
1.2961
2.55019
3.73066
0.269653
0.769753
1.20914
0.926414
1.06669
1.92046
-1.63467
2.34209
2.49774
2.90105
2.81156
-0.0207138
2.57708
3.33739
-4.68102
1.46753
-4.91535
1.27558
0.865242
3.4296
2.32133
1.93845
0.583168
2.40738
-0.905548
1.66929
2.09003
1.90163
3.58742
-1.86626
1.87646
0.588966
2.09904
1.10674
1.8754
3.27308
0.935867
-1.18287
2.01704
-0.690247
1.34776
-1.29449
2.20229
-0.0336609
0.408852
0.88031
-0.671104
4.80798
0.309052
-0.416649
3.03642
-2.14282
2.32556
2.59924
3.7032
2.15947
1.35776
2.66768
-1.70583
0.754654
2.37564
2.07329
0.450562
1.87253
-0.957634
7.01418
1.60399
1.13784
-1.01317
0.999153
1.00713
0.11837
-2.81017
2.95528
2.37474
1.45896
0.437981
0.095459
1.29169
2.29057
2.6144
-0.126015
0.493317
1.5112
0.726395
2.73509
3.08524
0.111946
1.85247
-0.74102
4.03318
1.86927
0.0147781
3.46732
4.03151
4.96989
1.42372
-0.32122
-0.907158
2.80566
1.52664
3.59332
2.43433
-1.15717
0.798027
1.43832
2.48526
1.06611
2.19942
1.40821
0.390144
1.05706
1.75124
-1.83298
-0.720787
-0.834785
0.524666
-0.868484
-2.85574
7.53657
0.735199
0.459671
0.762863
2.31842
1.05204
2.34378
0.981285
1.02393
1.97633
2.95857
0.866951
0.00684357
1.74744
2.72256
2.82102
3.3447
-0.510277
2.07343
3.15329
-0.219452
3.75122
3.76057
3.58234
1.64547
2.5498
-0.626999
-0.195724
-0.417656
0.239578
-0.562019
3.04647
3.89726
-4.62401
3.5893
0.806976
-0.43029
2.08183
0.465782
-0.0438919
-0.770264
2.95374
3.71213
1.91246
-0.182648
-0.125153
2.6447
2.25027
0.196777
10.398
0.0994492
-0.298058
2.67031
-0.178436
3.43941
-0.485573
-0.266014
2.32357
-0.236671
2.79665
1.05845
0.747704
2.90441
1.21327
1.51676
-2.56912
0.627083
1.96792
2.0187
2.15856
0.791092
1.32379
1.2527
2.0661
-0.986473
1.45716
1.93091
-0.0352631
1.35213
0.993927
0.701027
3.38784
0.298279
1.80791
0.552338
-1.12526
1.76571
3.77887
0.89193
-0.426353
3.98311
3.72792
3.08689
0.662758
1.96648
2.50358
-4.25199
0.595551
-0.288879
1.36067
1.04993
3.13857
0.455887
3.79929
0.902817
1.71959
1.02116
6.32197
0.0508423
-0.983658
3.63864
1.18905
1.53246
1.20306
1.15727
4.90392
5.16676
2.37577
3.6367
-3.27466
1.04977
0.350227
2.69434
3.87267
-2.16807
-0.532776
0.190063
-1.41782
0.123367
0.567574
1.017
