Delta t of cfd-times for channel 13-12
11.3712
-2.88382
0.992859
-1.90694
-4.9803
0.770538
-0.14183
-0.249611
0.162018
-2.7289
3.15003
-1.96004
-0.118073
4.62162
-0.151138
0.935898
-1.14123
1.0573
-5.74149
-2.09599
1.66489
-1.71327
0.352394
-3.09778
-1.2392
-0.751358
-1.88073
-0.172043
-0.811707
7.3566
-3.71758
-0.115746
-1.04761
-0.176102
-1.23297
-0.529991
-1.72618
0.0505524
0.614799
0.269165
0.503098
-0.461708
-2.76505
0.0180969
-4.58009
0.350784
-0.686813
-1.36702
2.25824
0.111862
0.0410004
-2.28284
-1.59122
-1.32419
-0.168533
-0.0967026
-3.75526
-0.104446
-1.23782
0.106155
1.21188
-0.994118
-0.541931
0.462738
-0.549034
-1.21202
-1.64153
-0.668724
-0.078949
2.25432
-1.15857
-1.31001
-1.61197
1.43589
-1.08208
4.81583
-6.0112
-1.66302
-2.74001
2.2243
-2.02667
-2.58907
-1.16492
3.28996
-0.826813
-4.59032
-1.02509
-3.36422
-0.448196
-5.38017
-0.030838
-0.25811
-6.95159
-1.71681
2.67361
-2.13601
4.53299
-0.68087
-0.742569
-4.67924
0.721054
-0.464622
0.930489
-2.15302
-0.398209
-2.06865
-1.7243
0.282486
-1.38924
-1.48551
-1.25906
-1.65331
2.48676
-0.95108
-0.368904
1.33746
0.714966
-1.63617
2.24607
0.235695
-0.421577
-3.26077
-0.187805
-1.4001
-0.192101
-5.09402
1.27614
-0.454941
-2.36936
-6.53262
1.16649
-0.97242
-1.86288
0.473061
-2.35667
0.673607
-1.61435
-2.92893
0.74369
-1.20277
7.15202
-0.371254
-2.04575
2.74484
0.880936
1.91213
0.727386
-2.69161
0.98027
-0.344345
-6.11098
-1.71997
-0.192024
2.6407
-0.915611
0.925354
-1.60355
1.63158
-1.74632
-1.46237
-2.23847
0.12574
-2.45428
-3.29062
-0.485023
-1.32139
-0.745331
-2.03006
-2.13318
0.835953
-1.70979
10.656
-2.44663
-0.158875
1.33331
0.700958
1.2118
1.63794
-0.753555
-0.15786
1.1179
-2.04952
-0.652397
-3.41721
0.500183
-1.18302
-1.44154
-1.13227
-2.60564
-1.85743
1.72579
-0.0545197
0.170586
-2.95537
-0.439621
-4.24015
0.607162
2.36534
0.412796
5.01012
-0.492546
-2.07698
1.26645
-1.16895
-0.381004
-2.59306
-1.07938
-2.12321
0.899338
-1.49932
0.855942
-2.55908
-0.836075
-1.54359
3.07326
-1.712
2.85364
1.21547
-3.81475
0.0666656
-1.74975
0.185555
-0.37722
-2.34888
-1.41636
-3.28233
-0.32399
1.25313
0.380043
-1.7393
-0.636833
0.719864
-0.440659
-2.81358
-1.49197
-0.891533
1.51202
-1.26913
-0.414581
0.944107
-0.823013
0.722961
-2.68782
-4.15569
-2.64787
4.32887
-0.152382
0.40007
-12.7153
-2.71848
-0.835114
-2.52201
1.34919
-2.82173
0.684685
-2.53828
-2.53912
-1.2527
2.42722
0.757416
-0.658447
-0.448746
-3.46152
5.06617
0.110733
2.08955
3.67654
0.51593
0.494011
-0.605743
-1.11436
2.10075
-1.18526
-4.00042
-1.2794
1.96942
-2.20261
0.0431519
-1.06342
-1.15898
-3.50904
-1.80064
0.378822
0.234077
4.30498
-1.96478
-1.52836
-1.03375
-1.276
0.0879059
-0.174683
-1.07341
-3.74502
1.83935
-5.01592
1.0271
-2.22819
0.141022
-0.491028
1.75008
-0.477028
0.464424
2.2478
-0.473976
-0.831993
-2.93719
0.758934
-0.662773
-0.707703
-0.738617
-0.733765
2.81776
-0.230095
-1.00913
5.30212
-2.05053
-3.87136
-1.34264
-0.930145
0.00268555
-1.06448
-0.201569
4.25327
-1.59978
-2.06667
-3.35558
-0.32608
-0.580917
3.07186
-2.4901
-1.92175
-1.13714
-1.63771
-0.477074
1.61456
1.14985
-0.380005
-0.402924
-0.2621
-0.550323
3.57488
-3.40349
0.198341
0.605652
-2.42747
0.055336
-1.95161
-3.97774
-3.28067
0.0649338
-0.0124664
2.23142
0.863266
-2.37624
-2.22654
-2.19949
1.98621
-3.11664
0.37027
0.638474
0.0834961
-0.439438
-4.81041
-1.4985
1.38935
-7.00482
-1.93905
-2.40372
-0.68708
0.967995
-3.87508
0.661606
-1.28387
2.73844
-2.99755
-2.49398
-1.27899
-1.27148
-1.95091
0.00325012
-0.533493
-3.81344
-4.54199
-0.714699
-2.79916
-0.692947
-3.19978
1.53166
-1.62975
6.16222
1.40017
-2.58298
0.316742
0.370003
3.72095
-0.0861664
-1.51467
-0.656876
8.77602
-1.88319
-4.84471
-3.97192
-0.165207
