Delta t of cfd-times for channel 13-12
-1.28806
-0.232773
0.0249481
-1.11926
-4.20576
-2.81796
-4.56487
-0.646439
0.875572
-1.87683
-0.64006
-1.45941
-0.286064
-2.21619
-5.78684
-1.34649
-6.19202
-3.82304
-5.62302
-6.35523
-1.07842
-2.86636
-1.61151
-2.05745
-2.54817
-1.90617
-3.52725
-2.13557
-1.66605
-3.59047
-0.376389
-3.04962
-1.9854
-0.937973
-6.3244
-8.85826
0.250473
5.82204
7.78061
-4.54578
-0.366188
-0.92186
-5.11806
1.73233
-3.58856
-4.55306
0.800613
-4.66605
4.00378
0.855644
2.10236
-2.83492
-1.11769
-2.63256
-0.99926
-4.64805
1.09875
-4.26323
-1.92352
-2.02501
-3.54555
-3.20321
-4.69746
-2.4672
-3.31686
-1.80066
0.409882
-2.74316
-1.6286
0.948257
-5.34711
-0.966751
-0.207413
-5.17239
-0.387909
-3.40672
0.820755
-5.5265
-5.17476
-4.56708
0.764191
-5.80478
-3.80823
-8.33875
-2.59539
-1.71321
1.7754
-1.45267
-0.173401
-1.70856
-1.12613
-5.65623
-2.35627
-4.3916
-4.60283
-5.18984
-1.57352
-5.63913
-3.55311
1.46506
-5.15656
-11.5657
-8.73212
-5.56051
-0.957825
-4.62759
-5.04163
1.17645
3.14453
-7.76771
-5.82686
0.109978
0.888367
-1.96821
0.446396
-1.73643
-5.78266
-4.48412
-4.44106
-1.7171
1.37471
0.645844
-3.14149
5.00537
-4.70615
-6.6437
-3.12196
-3.45892
-0.702797
-5.43398
-3.29845
-0.294098
-3.38544
-0.525284
1.02059
0.0560303
-3.68594
-2.49298
-6.21989
-2.96427
-1.31865
5.57172
6.46826
1.81637
-2.64124
-5.34647
-0.240425
-6.3737
6.8902
-1.31329
-2.24684
-5.95665
0.924385
-1.09724
-2.60295
1.09004
-0.788956
