Delta t of cfd-times for channel 11-10
0.0906906
-0.459198
-0.34034
-0.854584
-2.59753
-0.762039
0.767731
0.694588
-0.252937
-1.00509
-2.65997
-1.4641
1.22227
-1.49271
0.27784
2.22764
-1.15773
-3.48117
-2.96193
-0.360992
0.151642
1.44999
-2.8997
-0.219521
-0.510544
-2.76478
-0.420288
4.51163
0.996262
-1.5638
0.543785
0.207977
0.28669
-2.46783
-0.667458
-1.42987
-3.01119
-2.90189
0.724289
1.2958
-1.31369
-0.571625
-2.62576
-1.63919
-1.28784
-2.54843
0.371712
-1.01288
-3.11922
-3.67688
1.08262
-5.37068
-3.11046
2.36766
-0.421371
1.73525
-1.52041
-0.484673
0.321884
1.75513
-0.68074
0.503616
-1.28983
-2.33143
0.246613
0.329453
-1.37811
-0.191521
-0.06987
-2.25127
-1.05536
0.109589
0.583817
-0.121048
6.96239
-3.46935
1.51202
-1.9156
-0.254227
-0.811104
-0.515999
-2.29237
-1.04016
-0.913658
1.54045
-1.72517
-0.906136
-4.12023
-2.19391
-3.79272
-2.66791
-0.877373
3.11728
1.91193
-2.07337
-2.30309
3.04252
-0.107277
1.04359
0.445999
-1.32269
-1.0455
-1.55797
-0.113617
-1.52673
0.033989
-3.08592
-2.02916
0.979782
1.37012
0.671837
0.827515
-2.2609
0.304916
-1.13107
0.260269
1.04283
-0.652412
-0.818092
-0.370781
-0.883308
1.54865
-0.984901
0.0321808
-1.13918
-2.4234
-3.77755
0.0113754
0.0366211
-1.52016
-0.104446
-1.55717
-0.077713
-0.176628
-2.29351
-0.683594
-2.32939
-1.40443
0.0331955
-0.604019
0.219246
-2.12907
-1.20223
1.17431
0.373909
-3.72651
0.416985
0.0669632
-0.0877457
0.689751
-0.922554
0.436172
-0.869217
-2.9889
-1.0499
-1.65057
0.469902
-0.0888367
-0.545731
-1.92016
-1.42154
-0.564774
-0.0191498
-1.11379
-1.39446
-2.13541
-1.34666
0.147003
-2.46301
-0.509888
1.70969
-0.504601
-2.84176
0.805389
1.41193
-0.180214
0.702774
-1.46106
-0.156937
-0.332497
-2.67274
-1.95363
-1.71928
-0.481468
-2.27716
1.01395
-6.47085
1.19855
2.03812
-2.00294
0.107239
-3.68052
-0.865829
2.00934
-0.463158
-1.99994
0.698273
0.660149
-2.50785
-2.07962
0.408035
-1.34956
-5.37997
0.442596
-1.10351
-1.3504
-0.116653
-1.59656
-3.11959
-4.16998
-1.37265
-0.690948
0.516556
-1.01902
-0.403656
0.808754
-1.40463
-0.980728
-1.52531
-2.93533
-0.234146
3.03934
-1.03967
1.0685
1.67625
-1.72826
-1.97514
-0.052124
-1.64713
-0.0801392
-1.63621
-2.07353
-2.15527
-0.63044
-3.63947
-1.18415
-2.56734
-1.76759
-1.98814
-1.05871
2.52989
-0.341499
-0.720215
0.487183
-0.773659
0.359161
-0.145294
-0.00422668
-1.71996
-0.459175
-0.841621
0.278099
0.721069
0.42028
-0.215973
-0.523308
-0.176712
-0.706825
-3.63182
-2.95796
-2.06853
-5.80115
-1.86964
1.63526
0.14415
-3.51506
-1.54105
-3.38682
-0.714249
0.402908
-0.0500183
1.48746
-0.510437
-0.650154
1.42026
-2.4746
-0.372139
-2.35713
-0.759506
-1.7403
-1.05743
-1.88607
-2.10526
-0.0386581
2.54509
0.548759
-0.204208
-1.18752
-4.07806
-0.92942
-0.587357
0.0632477
-0.69413
1.41901
-3.00272
-2.46376
0.247726
0.568695
1.73434
-2.48952
3.33443
-2.90909
-2.05467
-0.121765
0.243217
-3.61719
-2.37434
-0.60862
0.433128
-3.34599
0.108749
-1.16852
-1.85494
-2.28519
-3.30936
-1.50079
-1.41727
-1.17004
-1.97643
0.326149
-1.91271
1.10038
3.1356
-1.29677
-0.827255
2.02894
-2.68675
-0.480591
-0.770744
0.943802
0.885674
0.673019
-1.89928
0.816811
-2.7506
-1.02936
0.364456
1.46568
3.28822
0.364136
0.228889
-1.10252
1.79865
-0.82196
-2.30457
0.233566
-1.39935
-1.08679
-4.87696
-5.05092
0.299828
2.81056
-0.449234
2.41994
-2.91952
-2.50433
0.33271
-1.58234
0.42469
1.78083
1.71925
-0.604881
-1.18006
-2.06507
-3.73295
0.375557
0.458649
-2.77125
-0.106689
0.361374
1.55126
0.0379562
-1.21832
-3.22334
-1.38322
-1.48374
-1.58572
1.57238
-0.500862
1.27676
0.15094
0.0766373
-0.71521
1.46507
-2.88098
-2.87621
-2.06752
1.21216
0.68058
2.05376
-0.286057
-0.201126
-2.08684
-0.479294
-1.24763
1.67313
1.84056
-1.01945
-0.715317
0.157913
2.84326
