Delta t of cfd-times for channel 13-12
-2.7458
3.29581
0.0888748
2.52421
1.00747
1.00778
2.7726
1.66547
7.2504
3.6673
3.76619
4.13661
2.92007
6.30684
1.64479
1.79725
0.399475
1.85985
2.37105
-1.57826
-1.71114
-2.98075
-1.08534
-0.0661621
-0.120346
4.30853
1.46312
2.15623
3.67317
2.1148
-0.693794
4.55851
4.96028
-0.96508
3.6133
5.13698
2.9763
-1.41515
4.32655
1.26361
2.14149
1.06297
1.10169
0.158905
2.86446
-1.80508
1.36539
-0.542221
6.33088
2.54895
0.983696
2.03616
3.77707
0.581825
2.16089
0.64949
2.51869
-0.818954
1.72177
2.2888
1.30695
4.1145
1.8567
0.828598
5.94676
0.283928
-0.161034
3.8102
2.0583
2.03365
4.10545
4.30475
-0.027916
0.988846
3.31893
3.53661
0.237419
3.52422
-1.02601
2.89133
1.85031
8.0603
-1.0555
2.57434
1.69254
0.462845
3.36784
1.55257
2.03305
0.138275
3.85331
1.10588
2.06631
-0.228561
2.02659
1.80267
5.63203
4.06319
1.4959
4.25263
2.38969
1.80097
5.71581
0.835236
-3.43932
1.66571
4.93967
-0.941353
1.90627
-1.80102
2.6128
1.3039
-0.600319
-1.0272
1.6433
-0.955666
-0.22113
3.98069
-1.33666
1.67947
8.75037
4.66835
2.95772
1.28665
3.2173
0.179535
3.76358
2.61657
-10.9637
-2.23828
1.01543
-1.16348
3.64062
2.12798
1.37628
1.48476
-0.922676
4.06316
0.331627
0.645836
1.25214
4.56326
1.65476
9.06702
1.36113
2.1105
1.0002
0.556526
2.50503
3.77176
2.51323
-1.18582
5.1654
5.32207
-1.43413
11.3269
2.02231
1.12576
3.72362
4.41435
1.77694
1.35817
1.54833
0.743004
3.38174
3.35985
0.563446
-0.286308
4.87085
2.89516
1.89874
2.76506
1.59575
2.37378
3.44533
2.9757
5.52126
0.362373
-3.4705
2.86555
0.297546
0.841949
4.01722
-1.14083
0.988266
0.834976
-0.00558472
-0.09021
-0.342331
2.64085
0.668045
1.88972
0.426071
2.09009
3.34602
0.51432
1.01544
2.56044
3.11054
2.31026
3.57489
2.5525
0.199081
1.35365
3.06811
0.554604
6.9743
2.14583
-1.13887
0.850349
1.54032
-0.668159
2.14109
3.93274
0.161964
2.8006
3.33947
1.83371
1.14325
1.85706
5.76357
-1.00968
2.87285
-0.750587
3.9655
3.56348
-1.18325
2.85486
5.32022
3.45355
3.86607
1.56733
3.18526
2.46575
1.51311
3.27393
0.419914
4.59344
-0.241928
1.3277
3.50275
1.0215
-0.301277
1.53261
8.17501
7.49079
3.6926
3.27408
1.74364
6.33487
4.67346
2.74426
4.91486
1.79697
3.22311
6.02418
3.18832
6.35265
1.14333
0.804405
0.51828
5.30724
2.96835
4.27109
1.43951
-0.362602
4.22432
1.18135
6.30428
4.37717
2.69948
1.81107
1.43144
1.55633
3.64924
1.681
-2.01225
-0.650681
-1.00797
1.39861
0.655182
2.93801
0.447731
2.59962
0.523796
1.00536
2.02364
4.27103
2.15244
2.13189
5.48495
3.80234
-3.42621
-0.966431
0.926331
1.20096
1.70833
2.14455
2.8041
4.81872
0.399231
3.16271
0.238014
2.84383
2.15836
3.79919
1.49545
1.66721
4.07738
7.01731
-0.154793
-0.121513
0.956154
3.06178
2.04948
3.60715
-0.0423889
1.64061
2.28396
4.47478
2.12668
-4.99486
3.46817
0.322357
4.1592
-0.120796
0.784683
5.17791
2.76809
1.21188
-0.342789
1.79395
2.19582
1.86532
-1.1725
-0.655685
1.38563
0.946396
2.3755
1.88251
4.38998
2.67873
1.82195
-0.0943985
0.569199
3.69877
2.86536
0.531273
3.96341
2.12836
1.57044
2.50603
3.80046
3.91623
-1.12494
3.12333
1.14291
2.34442
1.55129
1.19617
1.38645
1.39374
1.04793
1.58959
0.673027
1.08868
6.7823
2.55139
1.58634
1.94122
1.83955
0.12751
3.58571
1.41908
1.75977
4.99338
3.92407
3.77025
6.37778
0.900627
-1.76033
3.64796
2.64029
2.03651
-2.44297
3.60581
2.61044
-0.00967407
0.551178
2.59417
-0.660851
1.78145
2.08669
1.23736
1.76628
5.60173
-6.01698
-6.63495
1.08268
0.23909
1.86274
1.80702
1.23525
0.409508
-5.48946
1.13873
1.87968
2.92435
1.77501
0.587456
2.46265
-5.11188
-2.5406
3.84488
3.7211
0.190353
