Delta t of cfd-times for channel 11-10
6.56171
2.3176
-0.925705
4.83777
4.29958
8.13445
1.84656
5.40172
1.09277
0.468445
4.06291
1.94685
6.2493
2.85584
0.618996
2.91915
2.93037
3.50922
3.72958
-2.02467
5.54248
4.5872
1.69168
0.420792
2.22539
1.99316
5.18116
2.17866
2.63104
3.36123
2.21781
3.49899
3.94257
-0.4953
4.28324
5.50189
0.770073
4.06468
5.57178
0.505493
4.12291
1.91622
3.00076
5.9388
-0.663612
2.57638
2.11163
0.305534
0.439125
0.370483
2.0574
4.55086
-2.7543
4.436
2.23476
0.862991
1.61634
4.91837
3.76683
2.9157
2.62753
2.3688
5.02631
4.02182
0.386017
3.48347
4.14174
0.969131
3.86766
1.12826
2.25939
0.892464
4.76775
1.14906
3.53783
4.91926
2.22652
5.883
3.02744
2.15553
5.02583
3.16866
5.11066
2.34359
5.48464
3.61801
1.55232
2.74498
5.91885
3.19775
3.9174
0.953041
1.44138
1.93733
4.70181
3.57642
4.12902
1.82399
1.76933
1.46214
2.56026
-0.321762
5.57654
0.397148
3.50632
3.26212
2.96947
7.47916
3.44757
0.667404
5.74168
4.27948
0.633514
0.830437
-0.635307
3.70818
4.09093
3.55003
3.92615
5.82325
2.69035
2.12434
3.41255
5.21657
2.0687
4.79004
2.6431
4.82641
4.36529
2.5626
3.40047
2.93444
1.26607
3.61488
1.55759
-1.62252
-0.265152
2.64175
-1.01658
2.78991
3.10134
5.02454
6.78046
1.2428
5.8391
0.4412
3.06622
4.74634
3.10151
3.77065
2.63973
4.6508
0.068161
4.02644
0.663742
3.75739
1.19615
1.7666
4.80076
3.57533
-3.34259
3.65253
3.80468
3.23386
10.9746
-0.675278
1.44977
