Delta t of cfd-times for channel 11-10
-5.23595
2.9287
1.38506
0.905739
-1.77239
-0.510155
1.41076
3.06155
2.82441
1.26642
1.07175
1.16862
3.04034
-0.3433
1.9557
1.79613
0.754005
1.52126
1.32357
1.6326
1.21438
0.815208
1.3781
0.72142
0.481194
2.73611
1.38318
0.997284
4.45079
-1.41389
0.942451
1.07474
-0.275398
3.60303
-0.132195
-5.78828
1.92155
1.14313
2.87667
-1.99178
1.47353
0.306961
1.00336
3.403
0.567879
2.50848
-1.18879
-0.131561
0.708206
-0.641197
-0.295525
-1.13913
2.52255
-1.13715
-0.277168
0.524101
-0.0688858
1.80907
-1.14281
1.74281
-0.0259399
2.96834
0.442688
1.51909
-0.757446
-1.3277
0.399475
-0.0977325
5.40227
2.97535
-0.141487
3.27649
3.38066
-0.373734
-1.35638
1.89459
0.410736
2.46365
0.278107
2.4784
-0.413727
-0.259613
0.147102
0.406013
-2.15765
0.0788422
1.99423
1.48011
1.4623
1.69753
-0.882736
-1.83637
3.51321
3.89436
2.66023
-0.388847
0.516479
1.68055
1.66702
2.20616
-0.0707703
1.28632
2.42493
0.808762
2.37681
1.98538
0.74572
2.95216
0.000549316
2.4404
4.24512
1.96318
0.591827
-0.501358
-2.98083
2.69121
0.176865
0.73793
1.29916
2.86779
3.72818
2.98854
-0.56395
2.02467
0.630768
1.97064
1.46272
4.77103
0.207008
-1.81023
4.10013
0.957993
2.27674
1.57688
2.12014
1.65923
-0.789627
3.49159
3.06118
0.158943
-0.506187
-0.735207
0.753204
2.1814
0.922707
2.13258
-0.24118
2.18801
1.37911
-0.270653
0.559357
0.225098
3.65556
1.93124
2.96597
1.07671
1.68875
3.51807
1.83097
0.888756
1.69854
1.22783
2.6727
6.14496
0.263428
0.719414
1.47733
1.37887
2.14716
-1.77088
2.49313
2.35069
2.45635
2.90031
3.29188
-0.112099
2.80015
3.2726
-0.64772
1.51692
0.977684
0.752853
0.65258
5.39439
2.35738
1.98325
0.54998
2.48119
-0.917191
1.66251
1.51482
1.75074
3.78404
-1.55512
1.90877
0.702927
1.87251
-0.30867
0.990265
1.66125
3.02423
0.863335
-0.751205
1.01282
-0.53273
1.13211
2.03506
-0.159866
0.566849
0.939064
-0.289421
4.70368
0.180298
-0.442841
2.69261
-1.37705
2.40105
2.37343
3.13953
2.38857
2.85167
-1.67212
0.961197
2.31037
2.37488
0.0126953
1.77646
1.06313
7.6649
1.44521
1.66776
-0.854271
1.00349
1.07633
-0.278793
-2.71617
2.26268
2.42664
1.30212
0.0867767
0.129623
1.34219
1.96107
2.5164
-0.157776
0.662811
1.60614
-1.50316
0.662102
3.08596
2.83915
0.499863
1.72117
-0.657936
3.7806
1.96293
-0.0394745
2.22745
3.33201
3.70044
4.84232
1.63728
-0.358208
-0.735771
2.59097
2.12469
3.24072
2.35287
-1.08804
1.01833
1.52916
2.32042
0.801598
2.21539
1.61907
0.310455
1.08749
1.81496
-1.8139
-0.540909
0.146782
0.698349
-0.717041
1.57927
7.62305
0.809784
0.408447
-11.4222
2.34075
1.03732
2.65923
0.881462
0.906166
1.80871
3.28415
0.446007
0.00243378
0.809113
2.54951
2.81233
3.35253
-0.639175
1.89588
2.85447
0.239922
3.43005
3.95644
3.24197
1.6105
-0.832954
0.589905
-1.25675
0.695122
-0.326553
2.97321
3.65404
1.84883
3.17328
1.28214
-0.204666
0.755539
0.236084
-0.0631332
0.106537
2.88116
1.63475
-0.214905
-0.314545
2.60103
2.51619
3.21633
0.196228
9.8371
0.458351
0.0355148
2.586
-0.157028
2.81999
0.169624
0.00063324
2.63716
-0.61261
2.69489
1.04415
1.0701
1.69942
0.36853
2.90272
1.466
1.42918
-3.25201
0.780037
2.8513
1.30339
1.68002
0.819016
1.6568
1.06007
2.22279
-0.900185
1.46311
2.16964
0.0486298
1.97915
1.15207
3.611
0.579987
3.34695
0.180054
2.33002
0.58519
-1.15102
1.54992
3.98338
1.02348
-0.712517
3.77333
2.22067
3.3269
3.05954
0.689117
1.9957
2.7186
-4.33965
0.585175
-0.25943
0.918152
1.05474
2.89983
1.19132
3.65928
0.861076
1.10545
1.39574
6.11346
0.148788
-0.94899
3.36653
0.840324
1.27679
4.31334
1.00446
4.27188
4.83824
2.63169
2.88375
-3.11825
1.20966
1.07389
3.87244
-1.96886
-0.354988
0.421555
-0.956352
0.0782547
0.653137
1.17723
