Delta t of cfd-times for channel 13-12
0.861557
4.45145
-0.285683
0.7285
9.44678
2.99624
3.83614
-0.193764
0.976532
-0.552505
6.79707
2.13715
5.51457
5.32947
3.80812
6.14774
12.0083
3.16961
4.45381
-1.82177
0.920135
0.949783
1.85223
0.197098
-0.948639
3.15532
6.02287
2.4463
8.46928
3.39383
1.80438
4.49305
3.76639
-0.154236
4.58876
2.90847
5.12463
4.15812
5.94906
7.34628
8.19071
5.29111
-0.0582428
5.13916
7.1599
-5.81553
6.22798
8.66628
2.82192
3.51112
3.79771
4.39537
0.243881
0.901917
3.34064
-1.91512
0.904579
3.71172
3.00084
5.35244
1.73111
2.71956
5.24979
4.25127
-0.155701
7.41016
8.77773
-0.461639
4.97832
3.43832
3.62492
0.8638
2.82649
2.44458
6.15174
11.1013
3.69759
6.14323
9.02851
2.95335
4.56982
7.30132
2.97155
6.67003
6.35973
6.24291
0.0107574
-0.0607834
9.02259
-3.47925
5.06071
5.32576
2.51479
1.11261
5.79067
5.19754
2.61156
4.02731
-1.39581
3.22514
0.925995
4.39845
-1.34556
-0.0552368
4.07004
8.05046
2.66798
6.66918
3.89909
3.12345
1.29613
6.38738
5.72332
-0.52063
-0.750946
-0.584732
7.53835
2.95926
2.44102
4.50233
4.81097
5.25909
1.53803
4.74512
0.98645
7.61877
2.75477
5.36196
5.43638
8.66939
1.32727
-2.13026
-0.0669708
2.47688
3.54643
3.3885
0.201309
9.39874
-0.684769
1.97633
4.30679
5.70873
1.81683
5.48686
7.92585
3.4212
4.32864
3.23578
0.331749
1.83226
6.37309
3.86407
3.32265
1.88069
0.753662
1.72958
1.61729
5.34486
4.02226
2.90863
-2.44672
7.18336
6.65375
1.66487
2.62241
1.10425
3.66701
