Delta t of cfd-times for channel 11-10
0.222946
-0.717445
-0.409164
-0.959068
-0.720749
0.743973
0.205772
-0.325737
-1.25359
-2.53524
-1.27411
1.14567
-1.53482
0.270164
-0.610939
2.24512
-0.86396
-3.71811
-3.22653
-0.180161
0.139542
1.49303
-2.60802
-0.239311
-0.366776
-2.64314
-0.471558
4.69485
1.21162
-1.81538
0.764885
0.321205
0.109703
-2.57821
-0.131874
-1.01508
-2.74887
-2.92151
2.4157
1.1927
-1.16386
-1.17124
-2.83027
-1.8463
-1.28899
-2.72156
0.404861
-0.883728
-1.38601
-3.11009
0.922211
-5.47405
-2.88879
2.67056
-0.105057
1.78467
-1.15522
-0.508766
0.262352
1.80186
-1.03985
0.228821
-1.22606
0.237152
0.265266
-1.49139
-0.274353
-0.263573
-2.5261
-0.697899
0.600494
0.351562
-0.0636673
7.15118
-3.49596
1.27886
-2.11363
0.18502
-1.35753
-0.581665
-2.61214
-0.904427
-1.22031
1.4482
-2.02422
-1.2317
-3.78077
-2.24698
-3.72468
-2.60263
-1.0495
3.22002
2.02082
-1.92345
-1.64548
3.03118
-0.144882
1.15092
0.196152
-1.75385
-0.904114
1.81432
-0.0649948
-1.53799
0.168503
-2.69533
-1.81537
1.00922
1.50685
1.05585
1.05514
-2.707
-0.628891
-1.27972
0.528748
1.07476
-0.622284
-0.347389
-0.154198
-0.996407
1.53563
-0.98259
-0.233925
-0.962921
-2.38799
-1.04655
0.33448
0.21109
-3.44111
-1.23546
-0.0814667
-1.39664
0.458084
-0.201775
-1.90565
-0.302803
-2.50322
-1.06079
-0.0374222
3.74844
0.219231
-1.6986
-1.0118
1.1738
0.543396
-3.6082
0.50943
0.38295
0.607521
1.02817
-1.15852
0.0960007
-1.01242
-2.8642
-0.651764
-1.72536
0.671738
0.247932
-0.420746
-1.83214
-1.11539
-0.426498
0.13224
-0.827255
-0.501602
-1.99522
-1.67886
0.154427
-0.53138
2.33347
-0.599953
-3.21143
0.229942
1.36918
0.0221176
0.54763
-1.94796
0.0249023
-0.766479
-2.88348
-2.2054
-1.65079
-0.586189
-3.1823
1.58385
-6.41546
1.15155
2.30664
-1.07989
0.444725
-3.78781
-0.709305
2.1139
-0.514221
-0.327011
1.58823
0.870918
-2.47556
-2.17218
0.19754
-1.20447
-5.85078
0.748657
-1.25242
-0.654152
-1.21268
-0.160172
-1.78557
-3.67193
-4.4266
-1.07886
-0.951935
0.786324
-0.779961
-0.060585
1.02918
-1.4262
-1.0442
-1.35809
-2.59882
-0.0235901
3.50776
2.74324
-1.10474
1.11865
1.9181
-2.21175
-1.55791
-0.611816
-1.55848
0.0648193
-1.84578
-2.35095
-1.89194
-0.377785
-3.39393
-1.22042
-2.25275
-1.69168
-2.02866
-1.18314
2.57095
-0.201035
-0.71209
0.271416
-0.762672
0.642403
-0.135941
-0.293236
-1.28638
-0.556007
10.4048
-0.15432
0.367676
4.52116
0.420967
1.89003
-0.187653
-0.541969
-3.96082
-3.45657
-2.01773
-0.289818
-1.85924
1.69549
0.0561142
-3.46797
-1.11179
-3.20978
-0.00308228
0.137726
-0.109688
1.45158
-0.624184
-0.248184
1.07164
-2.29864
-0.234528
-1.67247
-0.931335
-1.67847
-0.425827
-1.94306
-2.29822
0.0512848
2.30875
0.0278168
-0.231216
-1.18995
-3.58494
-0.965126
-0.481956
0.371841
-0.617966
1.50995
-3.26101
-2.5649
0.207031
0.59053
2.32713
-2.45461
3.40691
-2.45734
-2.4543
-0.056694
0.877151
-3.75882
-2.15265
-0.504036
0.386055
-3.64157
0.0665894
-1.26134
-3.34474
-1.78383
-2.86615
-3.40177
-1.45422
-1.19899
-1.05225
-2.12132
0.297447
-1.88983
1.15188
2.32715
-1.92129
-0.695129
2.04261
-2.38898
-0.580025
-1.03642
1.4927
0.703438
0.369156
-2.12214
0.547035
-2.64154
-1.02048
0.295364
1.28415
3.52962
1.03674
-2.44305
-1.12183
2.08138
-0.61248
-2.24544
0.328056
-1.33018
-3.31242
-1.16763
-5.22698
-5.40604
0.658012
2.82147
-0.27523
2.41771
-2.11485
-2.54097
0.245667
0.322578
2.16258
1.63364
-0.611038
-1.35185
-2.11638
-3.48529
0.685478
0.634338
-2.71778
-0.660202
0.4375
1.49063
0.330765
-1.40443
-3.07586
-0.700706
-1.45125
-1.67461
1.21257
-0.48365
1.28829
0.456009
0.062706
-0.643799
1.07822
-3.37333
-3.01309
-1.78944
1.75449
0.979408
2.33482
-0.0923233
-0.413597
-1.73337
-0.472488
-1.2836
1.71861
2.00295
-0.748856
-1.06353
-0.119926
2.98595
