Delta t of cfd-times for channel 11-10
6.46915
2.33494
-1.21967
5.04053
4.41973
8.47104
1.87968
5.48178
1.31952
0.479332
3.69773
2.02819
6.2153
2.54124
0.615601
2.74945
2.63341
2.99499
3.75715
-1.82684
4.58685
4.7024
1.64401
0.431015
2.25438
2.21547
2.56293
2.22258
2.13382
-0.770325
3.27074
2.23795
3.26668
3.71537
-0.504883
4.36043
5.60688
0.702164
4.26741
5.63725
0.620026
3.9887
1.61756
3.06432
5.47741
-1.02859
2.48186
1.92039
0.662323
0.332474
0.251816
1.9108
4.77334
-3.4299
4.44409
2.04557
-11.4339
1.86689
5.03354
3.23481
2.8764
2.06003
2.25876
3.53053
4.28287
0.380569
2.89006
4.4508
1.01366
1.03925
1.26982
2.27702
0.2994
4.81575
1.37865
3.84159
5.16707
2.182
5.7907
2.57216
2.08955
0.616043
-0.694466
3.48054
2.45782
4.88315
3.9062
3.68751
1.53759
2.68295
5.90323
3.46551
3.53967
1.11421
1.83344
1.53983
1.84998
4.63496
3.7803
1.77537
1.50583
1.36343
0.729561
-0.688812
6.16148
0.452866
3.55873
3.79113
2.94605
3.94156
3.32698
0.498695
5.89854
4.77117
0.618721
0.719582
-0.121666
3.77605
3.73294
3.43211
3.09529
4.44631
2.2086
2.2784
3.21781
3.32356
2.06561
4.59735
1.88845
4.26199
4.46409
2.64236
3.2176
3.07317
1.28593
3.87816
1.54295
-1.45442
-0.206062
2.70211
-0.976822
2.82487
2.65797
5.39248
6.75762
1.12444
5.87006
0.301346
3.08296
4.77206
3.16792
3.84602
2.16245
4.36245
0.224701
4.14002
0.664139
4.03949
1.27971
1.56482
4.99872
3.53332
-3.63046
0.09552
3.70064
3.35516
4.93314
-0.623306
1.51329
