Delta t of cfd-times for channel 11-10
2.29676
-4.18013
-0.962296
-1.14545
-1.35668
-4.27937
-0.997421
-0.0785446
6.86646e-05
-4.10368
-2.17934
-2.05763
-3.61633
1.74294
-2.99242
-3.93411
-2.95482
-3.04299
-5.90858
-2.60622
-5.43021
-1.55427
-2.43456
1.13705
-3.37822
0.0825729
-3.24873
-2.83434
-2.62605
1.71472
-6.13212
-1.36021
-2.94378
-0.789223
-0.254738
-4.19924
-0.701027
-1.09312
-3.99301
-3.54475
-1.08443
0.481453
-2.82401
-3.64255
-0.690475
-1.79787
-2.61203
-2.0827
-7.89657
-1.86996
-3.20312
-0.515305
0.844719
2.75034
-0.461365
-2.10081
-0.599129
1.2574
-3.10091
-0.484344
-0.611229
-0.726868
-5.98211
-1.03537
-3.04179
0.372818
0.82428
1.58861
0.170639
-1.48248
2.33028
-1.70426
0.692787
-0.683784
-2.58626
-4.46227
-1.79848
-0.726189
0.832718
-0.269859
-1.25369
-1.70917
-4.08394
2.32018
0.0120468
-0.281357
1.82952
-0.784088
0.00807953
-1.72428
-0.246094
-1.07425
-2.5051
-0.598289
-3.07404
-0.0101776
-1.26237
-3.80667
-0.391548
-3.24543
-3.92787
-4.25408
-2.35559
-2.64127
-1.32126
-2.93735
-1.74176
-4.1973
-2.91007
-2.73782
-2.72343
-0.262833
2.34409
0.468185
-1.72106
-4.89947
-3.90225
-5.75294
-1.91156
-0.227127
-0.965622
-3.65285
-2.78175
-0.628723
-3.45092
-4.59141
-0.750229
-3.13717
0.629753
-3.2613
-3.01807
-6.32406
-7.03725
-1.72324
1.35022
-2.21001
-1.6109
-2.76703
-4.66517
-0.658859
-2.76701
0.5793
-0.62326
-0.525131
-0.694626
-2.34732
-2.74216
-3.52327
-2.38633
1.15054
-3.10676
-3.74783
-2.04215
-2.84703
-0.262329
