Delta t of cfd-times for channel 13-12
-1.17087
-0.260193
-0.0605621
-1.19151
-4.51508
-2.50393
-4.66461
-1.03613
0.931694
-6.08756
-0.71373
-1.43349
-2.82003
-0.525581
-1.69536
-7.72055
-1.69868
-5.61942
-5.89796
-5.55172
-6.3338
-1.30914
-3.61894
-1.30333
-2.41485
-2.34323
-1.97494
-3.19365
-2.62581
-1.83446
-3.42448
-0.417099
-2.87191
-1.98701
-1.06069
-6.29361
-9.09452
-0.346771
-1.85008
-2.55671
-4.54889
-3.52177
-4.94228
1.47677
-3.68322
-4.65444
0.720657
-4.92981
-1.27879
-2.19417
-0.661926
-2.83415
-1.01823
-2.59985
-0.945343
-4.32663
0.881447
-4.47171
-1.83944
-1.83448
-3.94363
-3.06481
-4.98361
-2.31464
-3.04851
0.357941
-2.40763
-1.64378
0.830742
-8.8528
-0.286484
-4.95329
-0.459824
-4.04834
0.846268
-5.76579
-5.19101
-4.61404
0.787361
-5.61127
-4.09332
-8.13516
-2.28723
-1.55124
1.63624
-1.4269
-0.316559
-3.25586
-1.07484
-6.3554
-2.97092
-4.64159
-4.47575
-4.56133
-1.55034
-3.36384
-5.23119
-3.92317
1.04206
-5.77496
-11.5447
-8.5741
-5.60573
-0.903458
-4.75754
-4.82961
1.16794
-3.64975
-7.34801
-5.55794
0.0176773
0.990356
-2.04646
0.36586
-1.83954
-5.92957
-4.60803
-4.32381
-1.66898
1.29785
-2.5852
-3.63332
-1.34506
-4.38137
-6.52022
-3.13664
-3.46227
-5.57616
-5.52802
-3.42319
-0.116463
-3.38048
-0.171623
1.10217
-0.279251
-7.13559
-3.02188
-6.20467
-3.09161
-1.27805
-1.53357
6.81324
2.3101
-2.79633
-5.08366
-0.195694
-6.47778
-3.98259
-1.30801
-2.13268
-7.97006
-0.249931
-1.08989
-2.12646
-0.846085
