Delta t of cfd-times for channel 13-12
0.815224
4.18623
-0.0487137
0.493553
9.79713
3.04153
-1.59483
-0.0538177
1.04236
-0.397095
6.81879
2.23245
5.59255
5.2891
3.94827
6.34444
1.47791
-0.137405
4.91229
-1.11221
1.17188
1.16426
0.942055
0.226608
-1.16976
3.17046
6.14624
2.52032
8.54651
3.34454
3.80915
1.82194
4.64612
3.81943
-0.138885
4.31545
2.81953
5.23637
3.59962
-2.80202
7.4769
8.42386
5.28163
-0.0595169
5.2711
7.26015
-5.69406
4.99396
8.84
2.87598
2.92154
4.08455
0.733803
0.216812
0.815552
2.64307
-1.71356
0.937836
3.58571
2.7686
5.73761
2.02237
2.81398
5.69726
4.429
-0.14476
7.78738
8.79514
-0.455414
3.3264
2.29861
2.64799
0.65612
2.54212
2.34769
6.33275
11.6738
3.76101
6.20558
9.06503
2.94077
4.72206
7.95074
2.60175
6.71071
6.10491
6.92033
5.77904
0.0083313
0.0960159
4.42094
-3.46126
5.32037
4.96518
4.19159
2.4502
1.65291
5.87887
5.13491
4.18168
-1.56746
3.20319
1.13348
4.75833
0.295845
-0.0188293
4.15089
8.25417
2.43639
5.30379
-3.50289
3.1136
1.91429
6.17198
-0.884918
-0.163437
-0.524033
-0.382889
7.10529
2.07604
2.40208
4.49892
5.08731
6.00733
1.60098
-4.12345
0.981995
7.86617
2.75941
5.50893
5.49369
5.59568
1.17654
-1.98431
-0.0641479
2.0722
3.21529
3.32375
0.213882
9.39459
-0.7285
1.87713
3.7589
6.03972
1.74046
6.04746
8.32474
3.64716
4.38235
3.45009
0.461906
1.99678
2.38143
4.02459
3.50648
2.10306
0.721909
1.89127
1.85103
5.1647
3.98405
3.07819
-2.48287
7.44799
6.54359
1.70635
2.97318
0.775269
3.76637
