Delta t of cfd-times for channel 13-12
-2.54089
2.93048
0.116013
3.06596
0.897789
2.40839
1.21477
6.72855
3.11803
3.70748
4.18031
2.14704
6.10116
2.02426
1.71329
1.04889
1.72076
2.37573
-1.201
-1.94146
-2.91473
-0.0353699
-0.363342
4.81336
1.22354
2.26735
3.52507
2.10751
-0.542984
4.25098
4.4767
-1.10082
3.65404
5.68842
3.12614
-1.40315
4.42121
1.00527
2.43819
1.37055
1.11654
0.0897064
2.82668
0.192192
4.56345
3.08588
6.27184
2.3222
3.61028
2.25993
3.35146
0.758507
2.37521
0.675606
2.61436
-0.744804
1.771
2.18906
3.29082
4.20711
3.85376
1.09176
5.75919
1.4741
0.162491
3.73611
2.45067
2.4032
3.85551
4.37601
-0.0204468
0.653976
3.20316
3.29048
0.164154
5.40952
-1.09456
2.61461
1.56772
7.95151
-0.677925
2.51228
1.69085
0.760132
3.3076
1.3644
7.65778
-0.199738
3.49421
1.07315
2.58208
-0.24852
2.44795
1.70721
5.59921
4.34882
1.02621
4.14292
2.75838
1.98344
5.41589
0.784744
-2.31316
1.58711
4.34952
-0.835152
1.88171
-1.29762
3.20347
1.42514
-0.220795
-0.79026
1.58794
-0.970154
-0.329346
4.00082
-1.14359
1.798
8.57235
4.24911
2.85791
1.3817
2.9183
-0.0426636
3.93442
2.70401
-0.534607
-2.24882
1.1042
-0.731171
3.06604
1.9397
1.45646
1.58586
-0.395401
4.05994
0.171684
1.10503
1.36011
4.7125
1.53655
13.0579
2.00459
1.81782
0.923431
0.545975
2.47319
3.74804
2.57582
-1.2144
5.28575
5.6803
-0.414307
11.1012
2.28288
1.22921
3.40441
4.24103
1.86542
1.54652
1.53597
0.82457
3.44054
4.28357
0.559265
-0.297394
4.96204
3.35558
2.76627
1.02715
2.4442
4.05075
2.96869
7.08352
3.30587
0.158386
-6.60627
2.84551
0.153305
1.15559
3.90866
-0.72374
4.06041
0.690338
-0.0418015
0.799843
-0.308228
3.3147
0.699799
1.95475
0.334053
1.57285
3.64189
0.445534
0.832458
7.17329
3.05863
3.77978
2.49238
3.42297
2.59441
0.192017
1.23128
3.25061
0.497993
8.30389
-1.10007
0.991837
1.84909
-0.593414
1.99233
4.16914
0.261162
2.39744
3.9763
1.40268
1.29712
1.94766
5.40687
-1.09367
-0.814255
3.20236
3.11994
-1.19128
2.57561
5.36578
3.26297
3.80067
1.35667
2.86044
1.92869
1.3116
3.59026
0.587082
5.24813
0.11116
1.60795
3.67623
3.51268
-0.379128
1.44527
7.88911
7.40971
3.4068
4.91412
1.76526
6.22945
1.97722
4.66136
1.9171
4.91492
1.64379
2.61621
5.41799
3.16898
6.33074
2.68783
3.54672
1.0739
0.400322
5.35736
2.55275
4.44556
1.54087
-0.484871
4.17083
1.07037
6.15226
4.48785
2.66883
1.70047
1.35776
3.4053
3.52821
1.61968
-1.47045
-0.396507
-0.88591
1.28632
1.20995
3.22744
0.529289
2.69957
0.478302
1.08243
2.04828
4.16154
2.27199
2.70128
5.74232
3.71735
-3.22031
-0.778503
0.994209
0.448875
1.88912
1.90349
2.88854
5.04108
0.940552
2.49709
0.148445
2.79585
1.79085
3.9549
1.044
2.09122
3.93346
6.78896
-0.268013
2.54073
2.59336
1.83954
3.41547
0.0178604
1.54513
5.79976
4.4599
2.01979
2.24346
3.50227
0.139084
4.40611
-0.0456696
0.567261
2.88223
1.36327
-0.640045
-0.314873
3.26659
2.07236
1.77902
-1.5162
-0.414398
1.48103
1.20946
1.97411
1.87476
4.45219
2.70612
2.24652
0.75621
5.04202
0.0218353
3.33727
2.35833
3.3786
0.49498
3.03474
2.20858
1.77549
2.22007
3.93021
3.97646
-0.730286
2.92756
0.575607
2.25954
1.27706
1.18788
1.25049
1.79417
0.964188
1.52169
1.18266
0.367844
1.40433
6.52789
3.41699
1.14393
5.37507
2.02543
0.77047
2.82729
1.54352
1.14558
4.87652
2.48769
3.95953
3.40785
6.15181
1.55274
-1.71486
3.62835
2.94312
2.12648
-2.6979
3.9371
2.70244
0.0615234
0.726173
2.19554
-1.2701
2.21828
1.89244
1.17632
1.82077
5.34274
-1.26497
-6.37975
1.0762
0.201378
1.83896
1.97601
1.52917
0.177223
-1.25214
1.41566
2.97288
1.69927
0.470375
2.52475
2.30684
-2.36416
3.48987
3.76748
0.381561
